((prof_4_T point 560)
(x
1.000000e+00 1.111111e+00 1.222222e+00 1.333333e+00 1.444444e+00 1.555556e+00 1.666667e+00 1.777778e+00 1.888889e+00 2.000000e+00 
1.000000e+00 1.111111e+00 1.222222e+00 1.333333e+00 1.444444e+00 1.555556e+00 1.666667e+00 1.777778e+00 1.888889e+00 2.000000e+00 
1.000000e+00 1.111111e+00 1.222222e+00 1.333333e+00 1.444444e+00 1.555556e+00 1.666667e+00 1.777778e+00 1.888889e+00 2.000000e+00 
1.000000e+00 1.111111e+00 1.222222e+00 1.333333e+00 1.444444e+00 1.555556e+00 1.666667e+00 1.777778e+00 1.888889e+00 2.000000e+00 
1.000000e+00 1.111111e+00 1.222222e+00 1.333333e+00 1.444444e+00 1.555556e+00 1.666667e+00 1.777778e+00 1.888889e+00 2.000000e+00 
1.000000e+00 1.111111e+00 1.222222e+00 1.333333e+00 1.444444e+00 1.555556e+00 1.666667e+00 1.777778e+00 1.888889e+00 2.000000e+00 
1.000000e+00 1.111111e+00 1.222222e+00 1.333333e+00 1.444444e+00 1.555556e+00 1.666667e+00 1.777778e+00 1.888889e+00 2.000000e+00 
1.000000e+00 1.111111e+00 1.222222e+00 1.333333e+00 1.444444e+00 1.555556e+00 1.666667e+00 1.777778e+00 1.888889e+00 2.000000e+00 
1.000000e+00 1.111111e+00 1.222222e+00 1.333333e+00 1.444444e+00 1.555556e+00 1.666667e+00 1.777778e+00 1.888889e+00 2.000000e+00 
1.000000e+00 1.111111e+00 1.222222e+00 1.333333e+00 1.444444e+00 1.555556e+00 1.666667e+00 1.777778e+00 1.888889e+00 2.000000e+00 
1.000000e+00 1.111111e+00 1.222222e+00 1.333333e+00 1.444444e+00 1.555556e+00 1.666667e+00 1.777778e+00 1.888889e+00 2.000000e+00 
1.000000e+00 1.111111e+00 1.222222e+00 1.333333e+00 1.444444e+00 1.555556e+00 1.666667e+00 1.777778e+00 1.888889e+00 2.000000e+00 
1.000000e+00 1.111111e+00 1.222222e+00 1.333333e+00 1.444444e+00 1.555556e+00 1.666667e+00 1.777778e+00 1.888889e+00 2.000000e+00 
1.000000e+00 1.111111e+00 1.222222e+00 1.333333e+00 1.444444e+00 1.555556e+00 1.666667e+00 1.777778e+00 1.888889e+00 2.000000e+00 
1.000000e+00 1.111111e+00 1.222222e+00 1.333333e+00 1.444444e+00 1.555556e+00 1.666667e+00 1.777778e+00 1.888889e+00 2.000000e+00 
1.000000e+00 1.111111e+00 1.222222e+00 1.333333e+00 1.444444e+00 1.555556e+00 1.666667e+00 1.777778e+00 1.888889e+00 2.000000e+00 
1.000000e+00 1.111111e+00 1.222222e+00 1.333333e+00 1.444444e+00 1.555556e+00 1.666667e+00 1.777778e+00 1.888889e+00 2.000000e+00 
1.000000e+00 1.111111e+00 1.222222e+00 1.333333e+00 1.444444e+00 1.555556e+00 1.666667e+00 1.777778e+00 1.888889e+00 2.000000e+00 
1.000000e+00 1.111111e+00 1.222222e+00 1.333333e+00 1.444444e+00 1.555556e+00 1.666667e+00 1.777778e+00 1.888889e+00 2.000000e+00 
1.000000e+00 1.111111e+00 1.222222e+00 1.333333e+00 1.444444e+00 1.555556e+00 1.666667e+00 1.777778e+00 1.888889e+00 2.000000e+00 
1.000000e+00 1.111111e+00 1.222222e+00 1.333333e+00 1.444444e+00 1.555556e+00 1.666667e+00 1.777778e+00 1.888889e+00 2.000000e+00 
1.000000e+00 1.111111e+00 1.222222e+00 1.333333e+00 1.444444e+00 1.555556e+00 1.666667e+00 1.777778e+00 1.888889e+00 2.000000e+00 
1.000000e+00 1.111111e+00 1.222222e+00 1.333333e+00 1.444444e+00 1.555556e+00 1.666667e+00 1.777778e+00 1.888889e+00 2.000000e+00 
1.000000e+00 1.111111e+00 1.222222e+00 1.333333e+00 1.444444e+00 1.555556e+00 1.666667e+00 1.777778e+00 1.888889e+00 2.000000e+00 
1.000000e+00 1.111111e+00 1.222222e+00 1.333333e+00 1.444444e+00 1.555556e+00 1.666667e+00 1.777778e+00 1.888889e+00 2.000000e+00 
1.000000e+00 1.111111e+00 1.222222e+00 1.333333e+00 1.444444e+00 1.555556e+00 1.666667e+00 1.777778e+00 1.888889e+00 2.000000e+00 
1.000000e+00 1.111111e+00 1.222222e+00 1.333333e+00 1.444444e+00 1.555556e+00 1.666667e+00 1.777778e+00 1.888889e+00 2.000000e+00 
1.000000e+00 1.111111e+00 1.222222e+00 1.333333e+00 1.444444e+00 1.555556e+00 1.666667e+00 1.777778e+00 1.888889e+00 2.000000e+00 
0.000000e+00 1.111111e-01 2.222222e-01 3.333333e-01 4.444444e-01 5.555556e-01 6.666667e-01 7.777778e-01 8.888889e-01 1.000000e+00 
0.000000e+00 1.111111e-01 2.222222e-01 3.333333e-01 4.444444e-01 5.555556e-01 6.666667e-01 7.777778e-01 8.888889e-01 1.000000e+00 
0.000000e+00 1.111111e-01 2.222222e-01 3.333333e-01 4.444444e-01 5.555556e-01 6.666667e-01 7.777778e-01 8.888889e-01 1.000000e+00 
0.000000e+00 1.111111e-01 2.222222e-01 3.333333e-01 4.444444e-01 5.555556e-01 6.666667e-01 7.777778e-01 8.888889e-01 1.000000e+00 
0.000000e+00 1.111111e-01 2.222222e-01 3.333333e-01 4.444444e-01 5.555556e-01 6.666667e-01 7.777778e-01 8.888889e-01 1.000000e+00 
0.000000e+00 1.111111e-01 2.222222e-01 3.333333e-01 4.444444e-01 5.555556e-01 6.666667e-01 7.777778e-01 8.888889e-01 1.000000e+00 
0.000000e+00 1.111111e-01 2.222222e-01 3.333333e-01 4.444444e-01 5.555556e-01 6.666667e-01 7.777778e-01 8.888889e-01 1.000000e+00 
0.000000e+00 1.111111e-01 2.222222e-01 3.333333e-01 4.444444e-01 5.555556e-01 6.666667e-01 7.777778e-01 8.888889e-01 1.000000e+00 
0.000000e+00 1.111111e-01 2.222222e-01 3.333333e-01 4.444444e-01 5.555556e-01 6.666667e-01 7.777778e-01 8.888889e-01 1.000000e+00 
0.000000e+00 1.111111e-01 2.222222e-01 3.333333e-01 4.444444e-01 5.555556e-01 6.666667e-01 7.777778e-01 8.888889e-01 1.000000e+00 
0.000000e+00 1.111111e-01 2.222222e-01 3.333333e-01 4.444444e-01 5.555556e-01 6.666667e-01 7.777778e-01 8.888889e-01 1.000000e+00 
0.000000e+00 1.111111e-01 2.222222e-01 3.333333e-01 4.444444e-01 5.555556e-01 6.666667e-01 7.777778e-01 8.888889e-01 1.000000e+00 
0.000000e+00 1.111111e-01 2.222222e-01 3.333333e-01 4.444444e-01 5.555556e-01 6.666667e-01 7.777778e-01 8.888889e-01 1.000000e+00 
0.000000e+00 1.111111e-01 2.222222e-01 3.333333e-01 4.444444e-01 5.555556e-01 6.666667e-01 7.777778e-01 8.888889e-01 1.000000e+00 
0.000000e+00 1.111111e-01 2.222222e-01 3.333333e-01 4.444444e-01 5.555556e-01 6.666667e-01 7.777778e-01 8.888889e-01 1.000000e+00 
0.000000e+00 1.111111e-01 2.222222e-01 3.333333e-01 4.444444e-01 5.555556e-01 6.666667e-01 7.777778e-01 8.888889e-01 1.000000e+00 
0.000000e+00 1.111111e-01 2.222222e-01 3.333333e-01 4.444444e-01 5.555556e-01 6.666667e-01 7.777778e-01 8.888889e-01 1.000000e+00 
0.000000e+00 1.111111e-01 2.222222e-01 3.333333e-01 4.444444e-01 5.555556e-01 6.666667e-01 7.777778e-01 8.888889e-01 1.000000e+00 
0.000000e+00 1.111111e-01 2.222222e-01 3.333333e-01 4.444444e-01 5.555556e-01 6.666667e-01 7.777778e-01 8.888889e-01 1.000000e+00 
0.000000e+00 1.111111e-01 2.222222e-01 3.333333e-01 4.444444e-01 5.555556e-01 6.666667e-01 7.777778e-01 8.888889e-01 1.000000e+00 
0.000000e+00 1.111111e-01 2.222222e-01 3.333333e-01 4.444444e-01 5.555556e-01 6.666667e-01 7.777778e-01 8.888889e-01 1.000000e+00 
0.000000e+00 1.111111e-01 2.222222e-01 3.333333e-01 4.444444e-01 5.555556e-01 6.666667e-01 7.777778e-01 8.888889e-01 1.000000e+00 
0.000000e+00 1.111111e-01 2.222222e-01 3.333333e-01 4.444444e-01 5.555556e-01 6.666667e-01 7.777778e-01 8.888889e-01 1.000000e+00 
0.000000e+00 1.111111e-01 2.222222e-01 3.333333e-01 4.444444e-01 5.555556e-01 6.666667e-01 7.777778e-01 8.888889e-01 1.000000e+00 
0.000000e+00 1.111111e-01 2.222222e-01 3.333333e-01 4.444444e-01 5.555556e-01 6.666667e-01 7.777778e-01 8.888889e-01 1.000000e+00 
0.000000e+00 1.111111e-01 2.222222e-01 3.333333e-01 4.444444e-01 5.555556e-01 6.666667e-01 7.777778e-01 8.888889e-01 1.000000e+00 
0.000000e+00 1.111111e-01 2.222222e-01 3.333333e-01 4.444444e-01 5.555556e-01 6.666667e-01 7.777778e-01 8.888889e-01 1.000000e+00 
0.000000e+00 1.111111e-01 2.222222e-01 3.333333e-01 4.444444e-01 5.555556e-01 6.666667e-01 7.777778e-01 8.888889e-01 1.000000e+00 
)
(y
1.000000e+00 1.000000e+00 1.000000e+00 1.000000e+00 1.000000e+00 1.000000e+00 1.000000e+00 1.000000e+00 1.000000e+00 1.000000e+00 
1.076923e+00 1.076923e+00 1.076923e+00 1.076923e+00 1.076923e+00 1.076923e+00 1.076923e+00 1.076923e+00 1.076923e+00 1.076923e+00 
1.153846e+00 1.153846e+00 1.153846e+00 1.153846e+00 1.153846e+00 1.153846e+00 1.153846e+00 1.153846e+00 1.153846e+00 1.153846e+00 
1.230769e+00 1.230769e+00 1.230769e+00 1.230769e+00 1.230769e+00 1.230769e+00 1.230769e+00 1.230769e+00 1.230769e+00 1.230769e+00 
1.307692e+00 1.307692e+00 1.307692e+00 1.307692e+00 1.307692e+00 1.307692e+00 1.307692e+00 1.307692e+00 1.307692e+00 1.307692e+00 
1.384615e+00 1.384615e+00 1.384615e+00 1.384615e+00 1.384615e+00 1.384615e+00 1.384615e+00 1.384615e+00 1.384615e+00 1.384615e+00 
1.461538e+00 1.461538e+00 1.461538e+00 1.461538e+00 1.461538e+00 1.461538e+00 1.461538e+00 1.461538e+00 1.461538e+00 1.461538e+00 
1.538462e+00 1.538462e+00 1.538462e+00 1.538462e+00 1.538462e+00 1.538462e+00 1.538462e+00 1.538462e+00 1.538462e+00 1.538462e+00 
1.615385e+00 1.615385e+00 1.615385e+00 1.615385e+00 1.615385e+00 1.615385e+00 1.615385e+00 1.615385e+00 1.615385e+00 1.615385e+00 
1.692308e+00 1.692308e+00 1.692308e+00 1.692308e+00 1.692308e+00 1.692308e+00 1.692308e+00 1.692308e+00 1.692308e+00 1.692308e+00 
1.769231e+00 1.769231e+00 1.769231e+00 1.769231e+00 1.769231e+00 1.769231e+00 1.769231e+00 1.769231e+00 1.769231e+00 1.769231e+00 
1.846154e+00 1.846154e+00 1.846154e+00 1.846154e+00 1.846154e+00 1.846154e+00 1.846154e+00 1.846154e+00 1.846154e+00 1.846154e+00 
1.923077e+00 1.923077e+00 1.923077e+00 1.923077e+00 1.923077e+00 1.923077e+00 1.923077e+00 1.923077e+00 1.923077e+00 1.923077e+00 
2.000000e+00 2.000000e+00 2.000000e+00 2.000000e+00 2.000000e+00 2.000000e+00 2.000000e+00 2.000000e+00 2.000000e+00 2.000000e+00 
0.000000e+00 0.000000e+00 0.000000e+00 0.000000e+00 0.000000e+00 0.000000e+00 0.000000e+00 0.000000e+00 0.000000e+00 0.000000e+00 
7.692308e-02 7.692308e-02 7.692308e-02 7.692308e-02 7.692308e-02 7.692308e-02 7.692308e-02 7.692308e-02 7.692308e-02 7.692308e-02 
1.538462e-01 1.538462e-01 1.538462e-01 1.538462e-01 1.538462e-01 1.538462e-01 1.538462e-01 1.538462e-01 1.538462e-01 1.538462e-01 
2.307692e-01 2.307692e-01 2.307692e-01 2.307692e-01 2.307692e-01 2.307692e-01 2.307692e-01 2.307692e-01 2.307692e-01 2.307692e-01 
3.076923e-01 3.076923e-01 3.076923e-01 3.076923e-01 3.076923e-01 3.076923e-01 3.076923e-01 3.076923e-01 3.076923e-01 3.076923e-01 
3.846154e-01 3.846154e-01 3.846154e-01 3.846154e-01 3.846154e-01 3.846154e-01 3.846154e-01 3.846154e-01 3.846154e-01 3.846154e-01 
4.615385e-01 4.615385e-01 4.615385e-01 4.615385e-01 4.615385e-01 4.615385e-01 4.615385e-01 4.615385e-01 4.615385e-01 4.615385e-01 
5.384615e-01 5.384615e-01 5.384615e-01 5.384615e-01 5.384615e-01 5.384615e-01 5.384615e-01 5.384615e-01 5.384615e-01 5.384615e-01 
6.153846e-01 6.153846e-01 6.153846e-01 6.153846e-01 6.153846e-01 6.153846e-01 6.153846e-01 6.153846e-01 6.153846e-01 6.153846e-01 
6.923077e-01 6.923077e-01 6.923077e-01 6.923077e-01 6.923077e-01 6.923077e-01 6.923077e-01 6.923077e-01 6.923077e-01 6.923077e-01 
7.692308e-01 7.692308e-01 7.692308e-01 7.692308e-01 7.692308e-01 7.692308e-01 7.692308e-01 7.692308e-01 7.692308e-01 7.692308e-01 
8.461538e-01 8.461538e-01 8.461538e-01 8.461538e-01 8.461538e-01 8.461538e-01 8.461538e-01 8.461538e-01 8.461538e-01 8.461538e-01 
9.230769e-01 9.230769e-01 9.230769e-01 9.230769e-01 9.230769e-01 9.230769e-01 9.230769e-01 9.230769e-01 9.230769e-01 9.230769e-01 
1.000000e+00 1.000000e+00 1.000000e+00 1.000000e+00 1.000000e+00 1.000000e+00 1.000000e+00 1.000000e+00 1.000000e+00 1.000000e+00 
1.000000e+00 1.000000e+00 1.000000e+00 1.000000e+00 1.000000e+00 1.000000e+00 1.000000e+00 1.000000e+00 1.000000e+00 1.000000e+00 
1.076923e+00 1.076923e+00 1.076923e+00 1.076923e+00 1.076923e+00 1.076923e+00 1.076923e+00 1.076923e+00 1.076923e+00 1.076923e+00 
1.153846e+00 1.153846e+00 1.153846e+00 1.153846e+00 1.153846e+00 1.153846e+00 1.153846e+00 1.153846e+00 1.153846e+00 1.153846e+00 
1.230769e+00 1.230769e+00 1.230769e+00 1.230769e+00 1.230769e+00 1.230769e+00 1.230769e+00 1.230769e+00 1.230769e+00 1.230769e+00 
1.307692e+00 1.307692e+00 1.307692e+00 1.307692e+00 1.307692e+00 1.307692e+00 1.307692e+00 1.307692e+00 1.307692e+00 1.307692e+00 
1.384615e+00 1.384615e+00 1.384615e+00 1.384615e+00 1.384615e+00 1.384615e+00 1.384615e+00 1.384615e+00 1.384615e+00 1.384615e+00 
1.461538e+00 1.461538e+00 1.461538e+00 1.461538e+00 1.461538e+00 1.461538e+00 1.461538e+00 1.461538e+00 1.461538e+00 1.461538e+00 
1.538462e+00 1.538462e+00 1.538462e+00 1.538462e+00 1.538462e+00 1.538462e+00 1.538462e+00 1.538462e+00 1.538462e+00 1.538462e+00 
1.615385e+00 1.615385e+00 1.615385e+00 1.615385e+00 1.615385e+00 1.615385e+00 1.615385e+00 1.615385e+00 1.615385e+00 1.615385e+00 
1.692308e+00 1.692308e+00 1.692308e+00 1.692308e+00 1.692308e+00 1.692308e+00 1.692308e+00 1.692308e+00 1.692308e+00 1.692308e+00 
1.769231e+00 1.769231e+00 1.769231e+00 1.769231e+00 1.769231e+00 1.769231e+00 1.769231e+00 1.769231e+00 1.769231e+00 1.769231e+00 
1.846154e+00 1.846154e+00 1.846154e+00 1.846154e+00 1.846154e+00 1.846154e+00 1.846154e+00 1.846154e+00 1.846154e+00 1.846154e+00 
1.923077e+00 1.923077e+00 1.923077e+00 1.923077e+00 1.923077e+00 1.923077e+00 1.923077e+00 1.923077e+00 1.923077e+00 1.923077e+00 
2.000000e+00 2.000000e+00 2.000000e+00 2.000000e+00 2.000000e+00 2.000000e+00 2.000000e+00 2.000000e+00 2.000000e+00 2.000000e+00 
0.000000e+00 0.000000e+00 0.000000e+00 0.000000e+00 0.000000e+00 0.000000e+00 0.000000e+00 0.000000e+00 0.000000e+00 0.000000e+00 
7.692308e-02 7.692308e-02 7.692308e-02 7.692308e-02 7.692308e-02 7.692308e-02 7.692308e-02 7.692308e-02 7.692308e-02 7.692308e-02 
1.538462e-01 1.538462e-01 1.538462e-01 1.538462e-01 1.538462e-01 1.538462e-01 1.538462e-01 1.538462e-01 1.538462e-01 1.538462e-01 
2.307692e-01 2.307692e-01 2.307692e-01 2.307692e-01 2.307692e-01 2.307692e-01 2.307692e-01 2.307692e-01 2.307692e-01 2.307692e-01 
3.076923e-01 3.076923e-01 3.076923e-01 3.076923e-01 3.076923e-01 3.076923e-01 3.076923e-01 3.076923e-01 3.076923e-01 3.076923e-01 
3.846154e-01 3.846154e-01 3.846154e-01 3.846154e-01 3.846154e-01 3.846154e-01 3.846154e-01 3.846154e-01 3.846154e-01 3.846154e-01 
4.615385e-01 4.615385e-01 4.615385e-01 4.615385e-01 4.615385e-01 4.615385e-01 4.615385e-01 4.615385e-01 4.615385e-01 4.615385e-01 
5.384615e-01 5.384615e-01 5.384615e-01 5.384615e-01 5.384615e-01 5.384615e-01 5.384615e-01 5.384615e-01 5.384615e-01 5.384615e-01 
6.153846e-01 6.153846e-01 6.153846e-01 6.153846e-01 6.153846e-01 6.153846e-01 6.153846e-01 6.153846e-01 6.153846e-01 6.153846e-01 
6.923077e-01 6.923077e-01 6.923077e-01 6.923077e-01 6.923077e-01 6.923077e-01 6.923077e-01 6.923077e-01 6.923077e-01 6.923077e-01 
7.692308e-01 7.692308e-01 7.692308e-01 7.692308e-01 7.692308e-01 7.692308e-01 7.692308e-01 7.692308e-01 7.692308e-01 7.692308e-01 
8.461538e-01 8.461538e-01 8.461538e-01 8.461538e-01 8.461538e-01 8.461538e-01 8.461538e-01 8.461538e-01 8.461538e-01 8.461538e-01 
9.230769e-01 9.230769e-01 9.230769e-01 9.230769e-01 9.230769e-01 9.230769e-01 9.230769e-01 9.230769e-01 9.230769e-01 9.230769e-01 
1.000000e+00 1.000000e+00 1.000000e+00 1.000000e+00 1.000000e+00 1.000000e+00 1.000000e+00 1.000000e+00 1.000000e+00 1.000000e+00 
)
(z
0.000000e+00 0.000000e+00 0.000000e+00 0.000000e+00 0.000000e+00 0.000000e+00 0.000000e+00 0.000000e+00 0.000000e+00 0.000000e+00 
0.000000e+00 0.000000e+00 0.000000e+00 0.000000e+00 0.000000e+00 0.000000e+00 0.000000e+00 0.000000e+00 0.000000e+00 0.000000e+00 
0.000000e+00 0.000000e+00 0.000000e+00 0.000000e+00 0.000000e+00 0.000000e+00 0.000000e+00 0.000000e+00 0.000000e+00 0.000000e+00 
0.000000e+00 0.000000e+00 0.000000e+00 0.000000e+00 0.000000e+00 0.000000e+00 0.000000e+00 0.000000e+00 0.000000e+00 0.000000e+00 
0.000000e+00 0.000000e+00 0.000000e+00 0.000000e+00 0.000000e+00 0.000000e+00 0.000000e+00 0.000000e+00 0.000000e+00 0.000000e+00 
0.000000e+00 0.000000e+00 0.000000e+00 0.000000e+00 0.000000e+00 0.000000e+00 0.000000e+00 0.000000e+00 0.000000e+00 0.000000e+00 
0.000000e+00 0.000000e+00 0.000000e+00 0.000000e+00 0.000000e+00 0.000000e+00 0.000000e+00 0.000000e+00 0.000000e+00 0.000000e+00 
0.000000e+00 0.000000e+00 0.000000e+00 0.000000e+00 0.000000e+00 0.000000e+00 0.000000e+00 0.000000e+00 0.000000e+00 0.000000e+00 
0.000000e+00 0.000000e+00 0.000000e+00 0.000000e+00 0.000000e+00 0.000000e+00 0.000000e+00 0.000000e+00 0.000000e+00 0.000000e+00 
0.000000e+00 0.000000e+00 0.000000e+00 0.000000e+00 0.000000e+00 0.000000e+00 0.000000e+00 0.000000e+00 0.000000e+00 0.000000e+00 
0.000000e+00 0.000000e+00 0.000000e+00 0.000000e+00 0.000000e+00 0.000000e+00 0.000000e+00 0.000000e+00 0.000000e+00 0.000000e+00 
0.000000e+00 0.000000e+00 0.000000e+00 0.000000e+00 0.000000e+00 0.000000e+00 0.000000e+00 0.000000e+00 0.000000e+00 0.000000e+00 
0.000000e+00 0.000000e+00 0.000000e+00 0.000000e+00 0.000000e+00 0.000000e+00 0.000000e+00 0.000000e+00 0.000000e+00 0.000000e+00 
0.000000e+00 0.000000e+00 0.000000e+00 0.000000e+00 0.000000e+00 0.000000e+00 0.000000e+00 0.000000e+00 0.000000e+00 0.000000e+00 
0.000000e+00 0.000000e+00 0.000000e+00 0.000000e+00 0.000000e+00 0.000000e+00 0.000000e+00 0.000000e+00 0.000000e+00 0.000000e+00 
0.000000e+00 0.000000e+00 0.000000e+00 0.000000e+00 0.000000e+00 0.000000e+00 0.000000e+00 0.000000e+00 0.000000e+00 0.000000e+00 
0.000000e+00 0.000000e+00 0.000000e+00 0.000000e+00 0.000000e+00 0.000000e+00 0.000000e+00 0.000000e+00 0.000000e+00 0.000000e+00 
0.000000e+00 0.000000e+00 0.000000e+00 0.000000e+00 0.000000e+00 0.000000e+00 0.000000e+00 0.000000e+00 0.000000e+00 0.000000e+00 
0.000000e+00 0.000000e+00 0.000000e+00 0.000000e+00 0.000000e+00 0.000000e+00 0.000000e+00 0.000000e+00 0.000000e+00 0.000000e+00 
0.000000e+00 0.000000e+00 0.000000e+00 0.000000e+00 0.000000e+00 0.000000e+00 0.000000e+00 0.000000e+00 0.000000e+00 0.000000e+00 
0.000000e+00 0.000000e+00 0.000000e+00 0.000000e+00 0.000000e+00 0.000000e+00 0.000000e+00 0.000000e+00 0.000000e+00 0.000000e+00 
0.000000e+00 0.000000e+00 0.000000e+00 0.000000e+00 0.000000e+00 0.000000e+00 0.000000e+00 0.000000e+00 0.000000e+00 0.000000e+00 
0.000000e+00 0.000000e+00 0.000000e+00 0.000000e+00 0.000000e+00 0.000000e+00 0.000000e+00 0.000000e+00 0.000000e+00 0.000000e+00 
0.000000e+00 0.000000e+00 0.000000e+00 0.000000e+00 0.000000e+00 0.000000e+00 0.000000e+00 0.000000e+00 0.000000e+00 0.000000e+00 
0.000000e+00 0.000000e+00 0.000000e+00 0.000000e+00 0.000000e+00 0.000000e+00 0.000000e+00 0.000000e+00 0.000000e+00 0.000000e+00 
0.000000e+00 0.000000e+00 0.000000e+00 0.000000e+00 0.000000e+00 0.000000e+00 0.000000e+00 0.000000e+00 0.000000e+00 0.000000e+00 
0.000000e+00 0.000000e+00 0.000000e+00 0.000000e+00 0.000000e+00 0.000000e+00 0.000000e+00 0.000000e+00 0.000000e+00 0.000000e+00 
0.000000e+00 0.000000e+00 0.000000e+00 0.000000e+00 0.000000e+00 0.000000e+00 0.000000e+00 0.000000e+00 0.000000e+00 0.000000e+00 
0.000000e+00 0.000000e+00 0.000000e+00 0.000000e+00 0.000000e+00 0.000000e+00 0.000000e+00 0.000000e+00 0.000000e+00 0.000000e+00 
0.000000e+00 0.000000e+00 0.000000e+00 0.000000e+00 0.000000e+00 0.000000e+00 0.000000e+00 0.000000e+00 0.000000e+00 0.000000e+00 
0.000000e+00 0.000000e+00 0.000000e+00 0.000000e+00 0.000000e+00 0.000000e+00 0.000000e+00 0.000000e+00 0.000000e+00 0.000000e+00 
0.000000e+00 0.000000e+00 0.000000e+00 0.000000e+00 0.000000e+00 0.000000e+00 0.000000e+00 0.000000e+00 0.000000e+00 0.000000e+00 
0.000000e+00 0.000000e+00 0.000000e+00 0.000000e+00 0.000000e+00 0.000000e+00 0.000000e+00 0.000000e+00 0.000000e+00 0.000000e+00 
0.000000e+00 0.000000e+00 0.000000e+00 0.000000e+00 0.000000e+00 0.000000e+00 0.000000e+00 0.000000e+00 0.000000e+00 0.000000e+00 
0.000000e+00 0.000000e+00 0.000000e+00 0.000000e+00 0.000000e+00 0.000000e+00 0.000000e+00 0.000000e+00 0.000000e+00 0.000000e+00 
0.000000e+00 0.000000e+00 0.000000e+00 0.000000e+00 0.000000e+00 0.000000e+00 0.000000e+00 0.000000e+00 0.000000e+00 0.000000e+00 
0.000000e+00 0.000000e+00 0.000000e+00 0.000000e+00 0.000000e+00 0.000000e+00 0.000000e+00 0.000000e+00 0.000000e+00 0.000000e+00 
0.000000e+00 0.000000e+00 0.000000e+00 0.000000e+00 0.000000e+00 0.000000e+00 0.000000e+00 0.000000e+00 0.000000e+00 0.000000e+00 
0.000000e+00 0.000000e+00 0.000000e+00 0.000000e+00 0.000000e+00 0.000000e+00 0.000000e+00 0.000000e+00 0.000000e+00 0.000000e+00 
0.000000e+00 0.000000e+00 0.000000e+00 0.000000e+00 0.000000e+00 0.000000e+00 0.000000e+00 0.000000e+00 0.000000e+00 0.000000e+00 
0.000000e+00 0.000000e+00 0.000000e+00 0.000000e+00 0.000000e+00 0.000000e+00 0.000000e+00 0.000000e+00 0.000000e+00 0.000000e+00 
0.000000e+00 0.000000e+00 0.000000e+00 0.000000e+00 0.000000e+00 0.000000e+00 0.000000e+00 0.000000e+00 0.000000e+00 0.000000e+00 
0.000000e+00 0.000000e+00 0.000000e+00 0.000000e+00 0.000000e+00 0.000000e+00 0.000000e+00 0.000000e+00 0.000000e+00 0.000000e+00 
0.000000e+00 0.000000e+00 0.000000e+00 0.000000e+00 0.000000e+00 0.000000e+00 0.000000e+00 0.000000e+00 0.000000e+00 0.000000e+00 
0.000000e+00 0.000000e+00 0.000000e+00 0.000000e+00 0.000000e+00 0.000000e+00 0.000000e+00 0.000000e+00 0.000000e+00 0.000000e+00 
0.000000e+00 0.000000e+00 0.000000e+00 0.000000e+00 0.000000e+00 0.000000e+00 0.000000e+00 0.000000e+00 0.000000e+00 0.000000e+00 
0.000000e+00 0.000000e+00 0.000000e+00 0.000000e+00 0.000000e+00 0.000000e+00 0.000000e+00 0.000000e+00 0.000000e+00 0.000000e+00 
0.000000e+00 0.000000e+00 0.000000e+00 0.000000e+00 0.000000e+00 0.000000e+00 0.000000e+00 0.000000e+00 0.000000e+00 0.000000e+00 
0.000000e+00 0.000000e+00 0.000000e+00 0.000000e+00 0.000000e+00 0.000000e+00 0.000000e+00 0.000000e+00 0.000000e+00 0.000000e+00 
0.000000e+00 0.000000e+00 0.000000e+00 0.000000e+00 0.000000e+00 0.000000e+00 0.000000e+00 0.000000e+00 0.000000e+00 0.000000e+00 
0.000000e+00 0.000000e+00 0.000000e+00 0.000000e+00 0.000000e+00 0.000000e+00 0.000000e+00 0.000000e+00 0.000000e+00 0.000000e+00 
0.000000e+00 0.000000e+00 0.000000e+00 0.000000e+00 0.000000e+00 0.000000e+00 0.000000e+00 0.000000e+00 0.000000e+00 0.000000e+00 
0.000000e+00 0.000000e+00 0.000000e+00 0.000000e+00 0.000000e+00 0.000000e+00 0.000000e+00 0.000000e+00 0.000000e+00 0.000000e+00 
0.000000e+00 0.000000e+00 0.000000e+00 0.000000e+00 0.000000e+00 0.000000e+00 0.000000e+00 0.000000e+00 0.000000e+00 0.000000e+00 
0.000000e+00 0.000000e+00 0.000000e+00 0.000000e+00 0.000000e+00 0.000000e+00 0.000000e+00 0.000000e+00 0.000000e+00 0.000000e+00 
0.000000e+00 0.000000e+00 0.000000e+00 0.000000e+00 0.000000e+00 0.000000e+00 0.000000e+00 0.000000e+00 0.000000e+00 0.000000e+00 
)
(w
8.404589e+00 9.867324e+00 1.152639e+01 1.338817e+01 1.545476e+01 1.772292e+01 2.018325e+01 2.281944e+01 2.560792e+01 2.851773e+01 
8.428717e+00 9.886658e+00 1.154145e+01 1.339961e+01 1.546329e+01 1.772927e+01 2.018807e+01 2.282324e+01 2.561101e+01 2.852018e+01 
8.461720e+00 9.914411e+00 1.156425e+01 1.341783e+01 1.547738e+01 1.773970e+01 2.019532e+01 2.282779e+01 2.561322e+01 2.852032e+01 
8.502958e+00 9.950319e+00 1.159511e+01 1.344398e+01 1.549910e+01 1.775727e+01 2.020894e+01 2.283758e+01 2.561925e+01 2.852261e+01 
8.550835e+00 9.992461e+00 1.163174e+01 1.347534e+01 1.552544e+01 1.777877e+01 2.022570e+01 2.284964e+01 2.562654e+01 2.852507e+01 
8.604901e+00 1.004074e+01 1.167442e+01 1.351258e+01 1.555733e+01 1.780530e+01 2.024672e+01 2.286497e+01 2.563592e+01 2.852834e+01 
8.663203e+00 1.009318e+01 1.172124e+01 1.355397e+01 1.559330e+01 1.783570e+01 2.027118e+01 2.288306e+01 2.564707e+01 2.853224e+01 
8.724708e+00 1.014897e+01 1.177164e+01 1.359919e+01 1.563325e+01 1.787008e+01 2.029928e+01 2.290415e+01 2.566019e+01 2.853686e+01 
8.787360e+00 1.020632e+01 1.182419e+01 1.364725e+01 1.567665e+01 1.790836e+01 2.033128e+01 2.292866e+01 2.567564e+01 2.854232e+01 
8.849202e+00 1.026363e+01 1.187770e+01 1.369752e+01 1.572341e+01 1.795095e+01 2.036795e+01 2.295747e+01 2.569413e+01 2.854884e+01 
8.907696e+00 1.031885e+01 1.193077e+01 1.374933e+01 1.577363e+01 1.799866e+01 2.041068e+01 2.299219e+01 2.571702e+01 2.855688e+01 
8.959874e+00 1.036964e+01 1.198187e+01 1.380211e+01 1.582786e+01 1.805300e+01 2.046186e+01 2.303555e+01 2.574672e+01 2.856736e+01 
9.002199e+00 1.041328e+01 1.202947e+01 1.385555e+01 1.588725e+01 1.811640e+01 2.052518e+01 2.309189e+01 2.578737e+01 2.858225e+01 
9.030561e+00 1.044658e+01 1.207200e+01 1.390957e+01 1.595367e+01 1.819247e+01 2.060597e+01 2.316790e+01 2.584607e+01 2.860581e+01 
9.655485e+00 1.111869e+01 1.275137e+01 1.455597e+01 1.653165e+01 1.867361e+01 2.097261e+01 2.341456e+01 2.598032e+01 2.864574e+01 
9.412836e+00 1.088492e+01 1.253012e+01 1.435124e+01 1.634768e+01 1.851474e+01 2.084310e+01 2.331835e+01 2.592080e+01 2.862548e+01 
9.204403e+00 1.068299e+01 1.233799e+01 1.417257e+01 1.618641e+01 1.837493e+01 2.072875e+01 2.323319e+01 2.586803e+01 2.860756e+01 
9.026730e+00 1.050976e+01 1.217219e+01 1.401757e+01 1.604582e+01 1.825252e+01 2.062824e+01 2.315810e+01 2.582142e+01 2.859179e+01 
8.876624e+00 1.036235e+01 1.203018e+01 1.388402e+01 1.592406e+01 1.814602e+01 2.054045e+01 2.309226e+01 2.578039e+01 2.857783e+01 
8.751201e+00 1.023816e+01 1.190964e+01 1.376991e+01 1.581944e+01 1.805409e+01 2.046439e+01 2.303504e+01 2.574459e+01 2.856547e+01 
8.647900e+00 1.013487e+01 1.180853e+01 1.367348e+01 1.573046e+01 1.797549e+01 2.039911e+01 2.298585e+01 2.571384e+01 2.855488e+01 
8.564478e+00 1.005048e+01 1.172507e+01 1.359320e+01 1.565584e+01 1.790915e+01 2.034372e+01 2.294396e+01 2.568773e+01 2.854627e+01 
8.498993e+00 9.983205e+00 1.165771e+01 1.352774e+01 1.559449e+01 1.785424e+01 2.029756e+01 2.290876e+01 2.566548e+01 2.853864e+01 
8.449797e+00 9.931552e+00 1.160508e+01 1.347590e+01 1.554542e+01 1.781002e+01 2.026026e+01 2.288025e+01 2.564732e+01 2.853203e+01 
8.415485e+00 9.894241e+00 1.156604e+01 1.343662e+01 1.550762e+01 1.777554e+01 2.023099e+01 2.285794e+01 2.563333e+01 2.852704e+01 
8.394829e+00 9.870150e+00 1.153959e+01 1.340910e+01 1.548043e+01 1.775020e+01 2.020907e+01 2.284106e+01 2.562317e+01 2.852526e+01 
8.386740e+00 9.858223e+00 1.152474e+01 1.339244e+01 1.546316e+01 1.773356e+01 2.019413e+01 2.282866e+01 2.561378e+01 2.851898e+01 
8.390290e+00 9.857556e+00 1.152060e+01 1.338573e+01 1.545500e+01 1.772516e+01 2.018682e+01 2.282373e+01 2.561232e+01 2.852171e+01 
2.015480e+00 2.141726e+00 2.362274e+00 2.680724e+00 3.103105e+00 3.637760e+00 4.295089e+00 5.087144e+00 6.027081e+00 7.128490e+00 
2.080203e+00 2.205222e+00 2.423617e+00 2.739054e+00 3.157661e+00 3.687909e+00 4.340342e+00 5.127174e+00 6.061732e+00 7.157781e+00 
2.154874e+00 2.278537e+00 2.494686e+00 2.807044e+00 3.221829e+00 3.747624e+00 4.395112e+00 5.176651e+00 6.105721e+00 7.196235e+00 
2.238722e+00 2.360918e+00 2.574734e+00 2.883941e+00 3.294831e+00 3.816092e+00 4.458536e+00 5.234674e+00 6.158144e+00 7.243015e+00 
2.330923e+00 2.451542e+00 2.662936e+00 2.968907e+00 3.375805e+00 3.892411e+00 4.529660e+00 5.300203e+00 6.217836e+00 7.296778e+00 
2.430533e+00 2.549449e+00 2.758318e+00 3.060947e+00 3.463730e+00 3.975534e+00 4.607426e+00 5.372218e+00 6.283882e+00 7.356796e+00 
2.536412e+00 2.653472e+00 2.859696e+00 3.158856e+00 3.557350e+00 4.064121e+00 4.690376e+00 5.449123e+00 6.354537e+00 7.421199e+00 
2.647138e+00 2.762154e+00 2.965621e+00 3.261196e+00 3.655230e+00 4.156732e+00 4.777080e+00 5.529517e+00 6.428479e+00 7.488785e+00 
2.760915e+00 2.873664e+00 3.074277e+00 3.366148e+00 3.755493e+00 4.251385e+00 4.865427e+00 5.611184e+00 6.503444e+00 7.557342e+00 
2.875473e+00 2.985748e+00 3.183546e+00 3.471684e+00 3.856118e+00 4.345997e+00 4.953246e+00 5.691887e+00 6.577189e+00 7.624715e+00 
2.987799e+00 3.095555e+00 3.290851e+00 3.575362e+00 3.954609e+00 4.437901e+00 5.037681e+00 5.768640e+00 6.646707e+00 7.688057e+00 
3.093796e+00 3.199626e+00 3.393415e+00 3.674662e+00 4.048353e+00 4.524216e+00 5.115549e+00 5.838046e+00 6.708518e+00 7.744045e+00 
3.187193e+00 3.293787e+00 3.488400e+00 3.767028e+00 4.134506e+00 4.601582e+00 5.182975e+00 5.895925e+00 6.758311e+00 7.788598e+00 
3.256911e+00 3.373774e+00 3.573760e+00 3.850409e+00 4.210293e+00 4.666333e+00 5.235434e+00 5.937317e+00 6.790958e+00 7.816782e+00 
2.869822e+00 2.978998e+00 3.221695e+00 3.582031e+00 4.057910e+00 4.652506e+00 5.371747e+00 6.223198e+00 7.215296e+00 8.356675e+00 
2.665976e+00 2.767079e+00 2.997643e+00 3.348161e+00 3.816678e+00 4.405962e+00 5.121731e+00 5.971576e+00 6.964137e+00 8.108373e+00 
2.476076e+00 2.580848e+00 2.807443e+00 3.152256e+00 3.615234e+00 4.199739e+00 4.911769e+00 5.759172e+00 6.750908e+00 7.896324e+00 
2.311585e+00 2.422177e+00 2.648492e+00 2.990205e+00 3.449042e+00 4.029263e+00 4.737398e+00 5.581712e+00 6.571575e+00 7.716769e+00 
2.175398e+00 2.291437e+00 2.518758e+00 2.858684e+00 3.314219e+00 3.890474e+00 4.594576e+00 5.435282e+00 6.422421e+00 7.566234e+00 
2.067150e+00 2.187647e+00 2.416127e+00 2.754747e+00 3.207358e+00 3.779773e+00 4.479689e+00 5.316361e+00 6.300091e+00 7.441582e+00 
1.985128e+00 2.109016e+00 2.338324e+00 2.675652e+00 3.125414e+00 3.693975e+00 4.389537e+00 5.221827e+00 6.201604e+00 7.340024e+00 
1.927091e+00 2.053389e+00 2.283020e+00 2.618843e+00 3.065664e+00 3.630278e+00 4.321321e+00 5.148953e+00 6.124358e+00 7.259121e+00 
1.890673e+00 2.018528e+00 2.247952e+00 2.581976e+00 3.025691e+00 3.586237e+00 4.272623e+00 5.095390e+00 6.066113e+00 7.196772e+00 
1.873603e+00 2.002299e+00 2.231030e+00 2.562955e+00 3.003389e+00 3.559754e+00 4.241378e+00 5.059140e+00 6.024967e+00 7.151192e+00 
1.873814e+00 2.002767e+00 2.230393e+00 2.559955e+00 2.996954e+00 3.549049e+00 4.225844e+00 5.038517e+00 5.999306e+00 7.120864e+00 
1.889508e+00 2.018251e+00 2.244437e+00 2.571424e+00 3.004869e+00 3.552638e+00 4.224572e+00 5.032110e+00 5.987769e+00 7.104482e+00 
1.919160e+00 2.047327e+00 2.271813e+00 2.596063e+00 3.025872e+00 3.569285e+00 4.236351e+00 5.038739e+00 5.989203e+00 7.100928e+00 
1.961501e+00 2.088814e+00 2.311404e+00 2.632797e+00 3.058913e+00 3.597954e+00 4.260156e+00 5.057387e+00 6.002616e+00 7.109238e+00 
)
)