((prof_2_T point 480)
(x
0.000000e+00 1.111111e-01 2.222222e-01 3.333333e-01 4.444444e-01 5.555556e-01 6.666667e-01 7.777778e-01 8.888889e-01 1.000000e+00 
0.000000e+00 1.111111e-01 2.222222e-01 3.333333e-01 4.444444e-01 5.555556e-01 6.666667e-01 7.777778e-01 8.888889e-01 1.000000e+00 
0.000000e+00 1.111111e-01 2.222222e-01 3.333333e-01 4.444444e-01 5.555556e-01 6.666667e-01 7.777778e-01 8.888889e-01 1.000000e+00 
0.000000e+00 1.111111e-01 2.222222e-01 3.333333e-01 4.444444e-01 5.555556e-01 6.666667e-01 7.777778e-01 8.888889e-01 1.000000e+00 
0.000000e+00 1.111111e-01 2.222222e-01 3.333333e-01 4.444444e-01 5.555556e-01 6.666667e-01 7.777778e-01 8.888889e-01 1.000000e+00 
0.000000e+00 1.111111e-01 2.222222e-01 3.333333e-01 4.444444e-01 5.555556e-01 6.666667e-01 7.777778e-01 8.888889e-01 1.000000e+00 
0.000000e+00 1.111111e-01 2.222222e-01 3.333333e-01 4.444444e-01 5.555556e-01 6.666667e-01 7.777778e-01 8.888889e-01 1.000000e+00 
0.000000e+00 1.111111e-01 2.222222e-01 3.333333e-01 4.444444e-01 5.555556e-01 6.666667e-01 7.777778e-01 8.888889e-01 1.000000e+00 
0.000000e+00 1.111111e-01 2.222222e-01 3.333333e-01 4.444444e-01 5.555556e-01 6.666667e-01 7.777778e-01 8.888889e-01 1.000000e+00 
0.000000e+00 1.111111e-01 2.222222e-01 3.333333e-01 4.444444e-01 5.555556e-01 6.666667e-01 7.777778e-01 8.888889e-01 1.000000e+00 
0.000000e+00 1.111111e-01 2.222222e-01 3.333333e-01 4.444444e-01 5.555556e-01 6.666667e-01 7.777778e-01 8.888889e-01 1.000000e+00 
0.000000e+00 1.111111e-01 2.222222e-01 3.333333e-01 4.444444e-01 5.555556e-01 6.666667e-01 7.777778e-01 8.888889e-01 1.000000e+00 
0.000000e+00 1.111111e-01 2.222222e-01 3.333333e-01 4.444444e-01 5.555556e-01 6.666667e-01 7.777778e-01 8.888889e-01 1.000000e+00 
0.000000e+00 1.111111e-01 2.222222e-01 3.333333e-01 4.444444e-01 5.555556e-01 6.666667e-01 7.777778e-01 8.888889e-01 1.000000e+00 
0.000000e+00 1.111111e-01 2.222222e-01 3.333333e-01 4.444444e-01 5.555556e-01 6.666667e-01 7.777778e-01 8.888889e-01 1.000000e+00 
0.000000e+00 1.111111e-01 2.222222e-01 3.333333e-01 4.444444e-01 5.555556e-01 6.666667e-01 7.777778e-01 8.888889e-01 1.000000e+00 
0.000000e+00 1.111111e-01 2.222222e-01 3.333333e-01 4.444444e-01 5.555556e-01 6.666667e-01 7.777778e-01 8.888889e-01 1.000000e+00 
0.000000e+00 1.111111e-01 2.222222e-01 3.333333e-01 4.444444e-01 5.555556e-01 6.666667e-01 7.777778e-01 8.888889e-01 1.000000e+00 
0.000000e+00 1.111111e-01 2.222222e-01 3.333333e-01 4.444444e-01 5.555556e-01 6.666667e-01 7.777778e-01 8.888889e-01 1.000000e+00 
0.000000e+00 1.111111e-01 2.222222e-01 3.333333e-01 4.444444e-01 5.555556e-01 6.666667e-01 7.777778e-01 8.888889e-01 1.000000e+00 
0.000000e+00 1.111111e-01 2.222222e-01 3.333333e-01 4.444444e-01 5.555556e-01 6.666667e-01 7.777778e-01 8.888889e-01 1.000000e+00 
0.000000e+00 1.111111e-01 2.222222e-01 3.333333e-01 4.444444e-01 5.555556e-01 6.666667e-01 7.777778e-01 8.888889e-01 1.000000e+00 
0.000000e+00 1.111111e-01 2.222222e-01 3.333333e-01 4.444444e-01 5.555556e-01 6.666667e-01 7.777778e-01 8.888889e-01 1.000000e+00 
0.000000e+00 1.111111e-01 2.222222e-01 3.333333e-01 4.444444e-01 5.555556e-01 6.666667e-01 7.777778e-01 8.888889e-01 1.000000e+00 
1.000000e+00 1.111111e+00 1.222222e+00 1.333333e+00 1.444444e+00 1.555556e+00 1.666667e+00 1.777778e+00 1.888889e+00 2.000000e+00 
1.000000e+00 1.111111e+00 1.222222e+00 1.333333e+00 1.444444e+00 1.555556e+00 1.666667e+00 1.777778e+00 1.888889e+00 2.000000e+00 
1.000000e+00 1.111111e+00 1.222222e+00 1.333333e+00 1.444444e+00 1.555556e+00 1.666667e+00 1.777778e+00 1.888889e+00 2.000000e+00 
1.000000e+00 1.111111e+00 1.222222e+00 1.333333e+00 1.444444e+00 1.555556e+00 1.666667e+00 1.777778e+00 1.888889e+00 2.000000e+00 
1.000000e+00 1.111111e+00 1.222222e+00 1.333333e+00 1.444444e+00 1.555556e+00 1.666667e+00 1.777778e+00 1.888889e+00 2.000000e+00 
1.000000e+00 1.111111e+00 1.222222e+00 1.333333e+00 1.444444e+00 1.555556e+00 1.666667e+00 1.777778e+00 1.888889e+00 2.000000e+00 
1.000000e+00 1.111111e+00 1.222222e+00 1.333333e+00 1.444444e+00 1.555556e+00 1.666667e+00 1.777778e+00 1.888889e+00 2.000000e+00 
1.000000e+00 1.111111e+00 1.222222e+00 1.333333e+00 1.444444e+00 1.555556e+00 1.666667e+00 1.777778e+00 1.888889e+00 2.000000e+00 
1.000000e+00 1.111111e+00 1.222222e+00 1.333333e+00 1.444444e+00 1.555556e+00 1.666667e+00 1.777778e+00 1.888889e+00 2.000000e+00 
1.000000e+00 1.111111e+00 1.222222e+00 1.333333e+00 1.444444e+00 1.555556e+00 1.666667e+00 1.777778e+00 1.888889e+00 2.000000e+00 
1.000000e+00 1.111111e+00 1.222222e+00 1.333333e+00 1.444444e+00 1.555556e+00 1.666667e+00 1.777778e+00 1.888889e+00 2.000000e+00 
1.000000e+00 1.111111e+00 1.222222e+00 1.333333e+00 1.444444e+00 1.555556e+00 1.666667e+00 1.777778e+00 1.888889e+00 2.000000e+00 
1.000000e+00 1.111111e+00 1.222222e+00 1.333333e+00 1.444444e+00 1.555556e+00 1.666667e+00 1.777778e+00 1.888889e+00 2.000000e+00 
1.000000e+00 1.111111e+00 1.222222e+00 1.333333e+00 1.444444e+00 1.555556e+00 1.666667e+00 1.777778e+00 1.888889e+00 2.000000e+00 
1.000000e+00 1.111111e+00 1.222222e+00 1.333333e+00 1.444444e+00 1.555556e+00 1.666667e+00 1.777778e+00 1.888889e+00 2.000000e+00 
1.000000e+00 1.111111e+00 1.222222e+00 1.333333e+00 1.444444e+00 1.555556e+00 1.666667e+00 1.777778e+00 1.888889e+00 2.000000e+00 
1.000000e+00 1.111111e+00 1.222222e+00 1.333333e+00 1.444444e+00 1.555556e+00 1.666667e+00 1.777778e+00 1.888889e+00 2.000000e+00 
1.000000e+00 1.111111e+00 1.222222e+00 1.333333e+00 1.444444e+00 1.555556e+00 1.666667e+00 1.777778e+00 1.888889e+00 2.000000e+00 
1.000000e+00 1.111111e+00 1.222222e+00 1.333333e+00 1.444444e+00 1.555556e+00 1.666667e+00 1.777778e+00 1.888889e+00 2.000000e+00 
1.000000e+00 1.111111e+00 1.222222e+00 1.333333e+00 1.444444e+00 1.555556e+00 1.666667e+00 1.777778e+00 1.888889e+00 2.000000e+00 
1.000000e+00 1.111111e+00 1.222222e+00 1.333333e+00 1.444444e+00 1.555556e+00 1.666667e+00 1.777778e+00 1.888889e+00 2.000000e+00 
1.000000e+00 1.111111e+00 1.222222e+00 1.333333e+00 1.444444e+00 1.555556e+00 1.666667e+00 1.777778e+00 1.888889e+00 2.000000e+00 
1.000000e+00 1.111111e+00 1.222222e+00 1.333333e+00 1.444444e+00 1.555556e+00 1.666667e+00 1.777778e+00 1.888889e+00 2.000000e+00 
1.000000e+00 1.111111e+00 1.222222e+00 1.333333e+00 1.444444e+00 1.555556e+00 1.666667e+00 1.777778e+00 1.888889e+00 2.000000e+00 
)
(y
0.000000e+00 0.000000e+00 0.000000e+00 0.000000e+00 0.000000e+00 0.000000e+00 0.000000e+00 0.000000e+00 0.000000e+00 0.000000e+00 
9.090909e-02 9.090909e-02 9.090909e-02 9.090909e-02 9.090909e-02 9.090909e-02 9.090909e-02 9.090909e-02 9.090909e-02 9.090909e-02 
1.818182e-01 1.818182e-01 1.818182e-01 1.818182e-01 1.818182e-01 1.818182e-01 1.818182e-01 1.818182e-01 1.818182e-01 1.818182e-01 
2.727273e-01 2.727273e-01 2.727273e-01 2.727273e-01 2.727273e-01 2.727273e-01 2.727273e-01 2.727273e-01 2.727273e-01 2.727273e-01 
3.636364e-01 3.636364e-01 3.636364e-01 3.636364e-01 3.636364e-01 3.636364e-01 3.636364e-01 3.636364e-01 3.636364e-01 3.636364e-01 
4.545455e-01 4.545455e-01 4.545455e-01 4.545455e-01 4.545455e-01 4.545455e-01 4.545455e-01 4.545455e-01 4.545455e-01 4.545455e-01 
5.454545e-01 5.454545e-01 5.454545e-01 5.454545e-01 5.454545e-01 5.454545e-01 5.454545e-01 5.454545e-01 5.454545e-01 5.454545e-01 
6.363636e-01 6.363636e-01 6.363636e-01 6.363636e-01 6.363636e-01 6.363636e-01 6.363636e-01 6.363636e-01 6.363636e-01 6.363636e-01 
7.272727e-01 7.272727e-01 7.272727e-01 7.272727e-01 7.272727e-01 7.272727e-01 7.272727e-01 7.272727e-01 7.272727e-01 7.272727e-01 
8.181818e-01 8.181818e-01 8.181818e-01 8.181818e-01 8.181818e-01 8.181818e-01 8.181818e-01 8.181818e-01 8.181818e-01 8.181818e-01 
9.090909e-01 9.090909e-01 9.090909e-01 9.090909e-01 9.090909e-01 9.090909e-01 9.090909e-01 9.090909e-01 9.090909e-01 9.090909e-01 
1.000000e+00 1.000000e+00 1.000000e+00 1.000000e+00 1.000000e+00 1.000000e+00 1.000000e+00 1.000000e+00 1.000000e+00 1.000000e+00 
1.000000e+00 1.000000e+00 1.000000e+00 1.000000e+00 1.000000e+00 1.000000e+00 1.000000e+00 1.000000e+00 1.000000e+00 1.000000e+00 
1.090909e+00 1.090909e+00 1.090909e+00 1.090909e+00 1.090909e+00 1.090909e+00 1.090909e+00 1.090909e+00 1.090909e+00 1.090909e+00 
1.181818e+00 1.181818e+00 1.181818e+00 1.181818e+00 1.181818e+00 1.181818e+00 1.181818e+00 1.181818e+00 1.181818e+00 1.181818e+00 
1.272727e+00 1.272727e+00 1.272727e+00 1.272727e+00 1.272727e+00 1.272727e+00 1.272727e+00 1.272727e+00 1.272727e+00 1.272727e+00 
1.363636e+00 1.363636e+00 1.363636e+00 1.363636e+00 1.363636e+00 1.363636e+00 1.363636e+00 1.363636e+00 1.363636e+00 1.363636e+00 
1.454545e+00 1.454545e+00 1.454545e+00 1.454545e+00 1.454545e+00 1.454545e+00 1.454545e+00 1.454545e+00 1.454545e+00 1.454545e+00 
1.545455e+00 1.545455e+00 1.545455e+00 1.545455e+00 1.545455e+00 1.545455e+00 1.545455e+00 1.545455e+00 1.545455e+00 1.545455e+00 
1.636364e+00 1.636364e+00 1.636364e+00 1.636364e+00 1.636364e+00 1.636364e+00 1.636364e+00 1.636364e+00 1.636364e+00 1.636364e+00 
1.727273e+00 1.727273e+00 1.727273e+00 1.727273e+00 1.727273e+00 1.727273e+00 1.727273e+00 1.727273e+00 1.727273e+00 1.727273e+00 
1.818182e+00 1.818182e+00 1.818182e+00 1.818182e+00 1.818182e+00 1.818182e+00 1.818182e+00 1.818182e+00 1.818182e+00 1.818182e+00 
1.909091e+00 1.909091e+00 1.909091e+00 1.909091e+00 1.909091e+00 1.909091e+00 1.909091e+00 1.909091e+00 1.909091e+00 1.909091e+00 
2.000000e+00 2.000000e+00 2.000000e+00 2.000000e+00 2.000000e+00 2.000000e+00 2.000000e+00 2.000000e+00 2.000000e+00 2.000000e+00 
0.000000e+00 0.000000e+00 0.000000e+00 0.000000e+00 0.000000e+00 0.000000e+00 0.000000e+00 0.000000e+00 0.000000e+00 0.000000e+00 
9.090909e-02 9.090909e-02 9.090909e-02 9.090909e-02 9.090909e-02 9.090909e-02 9.090909e-02 9.090909e-02 9.090909e-02 9.090909e-02 
1.818182e-01 1.818182e-01 1.818182e-01 1.818182e-01 1.818182e-01 1.818182e-01 1.818182e-01 1.818182e-01 1.818182e-01 1.818182e-01 
2.727273e-01 2.727273e-01 2.727273e-01 2.727273e-01 2.727273e-01 2.727273e-01 2.727273e-01 2.727273e-01 2.727273e-01 2.727273e-01 
3.636364e-01 3.636364e-01 3.636364e-01 3.636364e-01 3.636364e-01 3.636364e-01 3.636364e-01 3.636364e-01 3.636364e-01 3.636364e-01 
4.545455e-01 4.545455e-01 4.545455e-01 4.545455e-01 4.545455e-01 4.545455e-01 4.545455e-01 4.545455e-01 4.545455e-01 4.545455e-01 
5.454545e-01 5.454545e-01 5.454545e-01 5.454545e-01 5.454545e-01 5.454545e-01 5.454545e-01 5.454545e-01 5.454545e-01 5.454545e-01 
6.363636e-01 6.363636e-01 6.363636e-01 6.363636e-01 6.363636e-01 6.363636e-01 6.363636e-01 6.363636e-01 6.363636e-01 6.363636e-01 
7.272727e-01 7.272727e-01 7.272727e-01 7.272727e-01 7.272727e-01 7.272727e-01 7.272727e-01 7.272727e-01 7.272727e-01 7.272727e-01 
8.181818e-01 8.181818e-01 8.181818e-01 8.181818e-01 8.181818e-01 8.181818e-01 8.181818e-01 8.181818e-01 8.181818e-01 8.181818e-01 
9.090909e-01 9.090909e-01 9.090909e-01 9.090909e-01 9.090909e-01 9.090909e-01 9.090909e-01 9.090909e-01 9.090909e-01 9.090909e-01 
1.000000e+00 1.000000e+00 1.000000e+00 1.000000e+00 1.000000e+00 1.000000e+00 1.000000e+00 1.000000e+00 1.000000e+00 1.000000e+00 
1.000000e+00 1.000000e+00 1.000000e+00 1.000000e+00 1.000000e+00 1.000000e+00 1.000000e+00 1.000000e+00 1.000000e+00 1.000000e+00 
1.090909e+00 1.090909e+00 1.090909e+00 1.090909e+00 1.090909e+00 1.090909e+00 1.090909e+00 1.090909e+00 1.090909e+00 1.090909e+00 
1.181818e+00 1.181818e+00 1.181818e+00 1.181818e+00 1.181818e+00 1.181818e+00 1.181818e+00 1.181818e+00 1.181818e+00 1.181818e+00 
1.272727e+00 1.272727e+00 1.272727e+00 1.272727e+00 1.272727e+00 1.272727e+00 1.272727e+00 1.272727e+00 1.272727e+00 1.272727e+00 
1.363636e+00 1.363636e+00 1.363636e+00 1.363636e+00 1.363636e+00 1.363636e+00 1.363636e+00 1.363636e+00 1.363636e+00 1.363636e+00 
1.454545e+00 1.454545e+00 1.454545e+00 1.454545e+00 1.454545e+00 1.454545e+00 1.454545e+00 1.454545e+00 1.454545e+00 1.454545e+00 
1.545455e+00 1.545455e+00 1.545455e+00 1.545455e+00 1.545455e+00 1.545455e+00 1.545455e+00 1.545455e+00 1.545455e+00 1.545455e+00 
1.636364e+00 1.636364e+00 1.636364e+00 1.636364e+00 1.636364e+00 1.636364e+00 1.636364e+00 1.636364e+00 1.636364e+00 1.636364e+00 
1.727273e+00 1.727273e+00 1.727273e+00 1.727273e+00 1.727273e+00 1.727273e+00 1.727273e+00 1.727273e+00 1.727273e+00 1.727273e+00 
1.818182e+00 1.818182e+00 1.818182e+00 1.818182e+00 1.818182e+00 1.818182e+00 1.818182e+00 1.818182e+00 1.818182e+00 1.818182e+00 
1.909091e+00 1.909091e+00 1.909091e+00 1.909091e+00 1.909091e+00 1.909091e+00 1.909091e+00 1.909091e+00 1.909091e+00 1.909091e+00 
2.000000e+00 2.000000e+00 2.000000e+00 2.000000e+00 2.000000e+00 2.000000e+00 2.000000e+00 2.000000e+00 2.000000e+00 2.000000e+00 
)
(z
2.000000e+00 2.000000e+00 2.000000e+00 2.000000e+00 2.000000e+00 2.000000e+00 2.000000e+00 2.000000e+00 2.000000e+00 2.000000e+00 
2.000000e+00 2.000000e+00 2.000000e+00 2.000000e+00 2.000000e+00 2.000000e+00 2.000000e+00 2.000000e+00 2.000000e+00 2.000000e+00 
2.000000e+00 2.000000e+00 2.000000e+00 2.000000e+00 2.000000e+00 2.000000e+00 2.000000e+00 2.000000e+00 2.000000e+00 2.000000e+00 
2.000000e+00 2.000000e+00 2.000000e+00 2.000000e+00 2.000000e+00 2.000000e+00 2.000000e+00 2.000000e+00 2.000000e+00 2.000000e+00 
2.000000e+00 2.000000e+00 2.000000e+00 2.000000e+00 2.000000e+00 2.000000e+00 2.000000e+00 2.000000e+00 2.000000e+00 2.000000e+00 
2.000000e+00 2.000000e+00 2.000000e+00 2.000000e+00 2.000000e+00 2.000000e+00 2.000000e+00 2.000000e+00 2.000000e+00 2.000000e+00 
2.000000e+00 2.000000e+00 2.000000e+00 2.000000e+00 2.000000e+00 2.000000e+00 2.000000e+00 2.000000e+00 2.000000e+00 2.000000e+00 
2.000000e+00 2.000000e+00 2.000000e+00 2.000000e+00 2.000000e+00 2.000000e+00 2.000000e+00 2.000000e+00 2.000000e+00 2.000000e+00 
2.000000e+00 2.000000e+00 2.000000e+00 2.000000e+00 2.000000e+00 2.000000e+00 2.000000e+00 2.000000e+00 2.000000e+00 2.000000e+00 
2.000000e+00 2.000000e+00 2.000000e+00 2.000000e+00 2.000000e+00 2.000000e+00 2.000000e+00 2.000000e+00 2.000000e+00 2.000000e+00 
2.000000e+00 2.000000e+00 2.000000e+00 2.000000e+00 2.000000e+00 2.000000e+00 2.000000e+00 2.000000e+00 2.000000e+00 2.000000e+00 
2.000000e+00 2.000000e+00 2.000000e+00 2.000000e+00 2.000000e+00 2.000000e+00 2.000000e+00 2.000000e+00 2.000000e+00 2.000000e+00 
2.000000e+00 2.000000e+00 2.000000e+00 2.000000e+00 2.000000e+00 2.000000e+00 2.000000e+00 2.000000e+00 2.000000e+00 2.000000e+00 
2.000000e+00 2.000000e+00 2.000000e+00 2.000000e+00 2.000000e+00 2.000000e+00 2.000000e+00 2.000000e+00 2.000000e+00 2.000000e+00 
2.000000e+00 2.000000e+00 2.000000e+00 2.000000e+00 2.000000e+00 2.000000e+00 2.000000e+00 2.000000e+00 2.000000e+00 2.000000e+00 
2.000000e+00 2.000000e+00 2.000000e+00 2.000000e+00 2.000000e+00 2.000000e+00 2.000000e+00 2.000000e+00 2.000000e+00 2.000000e+00 
2.000000e+00 2.000000e+00 2.000000e+00 2.000000e+00 2.000000e+00 2.000000e+00 2.000000e+00 2.000000e+00 2.000000e+00 2.000000e+00 
2.000000e+00 2.000000e+00 2.000000e+00 2.000000e+00 2.000000e+00 2.000000e+00 2.000000e+00 2.000000e+00 2.000000e+00 2.000000e+00 
2.000000e+00 2.000000e+00 2.000000e+00 2.000000e+00 2.000000e+00 2.000000e+00 2.000000e+00 2.000000e+00 2.000000e+00 2.000000e+00 
2.000000e+00 2.000000e+00 2.000000e+00 2.000000e+00 2.000000e+00 2.000000e+00 2.000000e+00 2.000000e+00 2.000000e+00 2.000000e+00 
2.000000e+00 2.000000e+00 2.000000e+00 2.000000e+00 2.000000e+00 2.000000e+00 2.000000e+00 2.000000e+00 2.000000e+00 2.000000e+00 
2.000000e+00 2.000000e+00 2.000000e+00 2.000000e+00 2.000000e+00 2.000000e+00 2.000000e+00 2.000000e+00 2.000000e+00 2.000000e+00 
2.000000e+00 2.000000e+00 2.000000e+00 2.000000e+00 2.000000e+00 2.000000e+00 2.000000e+00 2.000000e+00 2.000000e+00 2.000000e+00 
2.000000e+00 2.000000e+00 2.000000e+00 2.000000e+00 2.000000e+00 2.000000e+00 2.000000e+00 2.000000e+00 2.000000e+00 2.000000e+00 
2.000000e+00 2.000000e+00 2.000000e+00 2.000000e+00 2.000000e+00 2.000000e+00 2.000000e+00 2.000000e+00 2.000000e+00 2.000000e+00 
2.000000e+00 2.000000e+00 2.000000e+00 2.000000e+00 2.000000e+00 2.000000e+00 2.000000e+00 2.000000e+00 2.000000e+00 2.000000e+00 
2.000000e+00 2.000000e+00 2.000000e+00 2.000000e+00 2.000000e+00 2.000000e+00 2.000000e+00 2.000000e+00 2.000000e+00 2.000000e+00 
2.000000e+00 2.000000e+00 2.000000e+00 2.000000e+00 2.000000e+00 2.000000e+00 2.000000e+00 2.000000e+00 2.000000e+00 2.000000e+00 
2.000000e+00 2.000000e+00 2.000000e+00 2.000000e+00 2.000000e+00 2.000000e+00 2.000000e+00 2.000000e+00 2.000000e+00 2.000000e+00 
2.000000e+00 2.000000e+00 2.000000e+00 2.000000e+00 2.000000e+00 2.000000e+00 2.000000e+00 2.000000e+00 2.000000e+00 2.000000e+00 
2.000000e+00 2.000000e+00 2.000000e+00 2.000000e+00 2.000000e+00 2.000000e+00 2.000000e+00 2.000000e+00 2.000000e+00 2.000000e+00 
2.000000e+00 2.000000e+00 2.000000e+00 2.000000e+00 2.000000e+00 2.000000e+00 2.000000e+00 2.000000e+00 2.000000e+00 2.000000e+00 
2.000000e+00 2.000000e+00 2.000000e+00 2.000000e+00 2.000000e+00 2.000000e+00 2.000000e+00 2.000000e+00 2.000000e+00 2.000000e+00 
2.000000e+00 2.000000e+00 2.000000e+00 2.000000e+00 2.000000e+00 2.000000e+00 2.000000e+00 2.000000e+00 2.000000e+00 2.000000e+00 
2.000000e+00 2.000000e+00 2.000000e+00 2.000000e+00 2.000000e+00 2.000000e+00 2.000000e+00 2.000000e+00 2.000000e+00 2.000000e+00 
2.000000e+00 2.000000e+00 2.000000e+00 2.000000e+00 2.000000e+00 2.000000e+00 2.000000e+00 2.000000e+00 2.000000e+00 2.000000e+00 
2.000000e+00 2.000000e+00 2.000000e+00 2.000000e+00 2.000000e+00 2.000000e+00 2.000000e+00 2.000000e+00 2.000000e+00 2.000000e+00 
2.000000e+00 2.000000e+00 2.000000e+00 2.000000e+00 2.000000e+00 2.000000e+00 2.000000e+00 2.000000e+00 2.000000e+00 2.000000e+00 
2.000000e+00 2.000000e+00 2.000000e+00 2.000000e+00 2.000000e+00 2.000000e+00 2.000000e+00 2.000000e+00 2.000000e+00 2.000000e+00 
2.000000e+00 2.000000e+00 2.000000e+00 2.000000e+00 2.000000e+00 2.000000e+00 2.000000e+00 2.000000e+00 2.000000e+00 2.000000e+00 
2.000000e+00 2.000000e+00 2.000000e+00 2.000000e+00 2.000000e+00 2.000000e+00 2.000000e+00 2.000000e+00 2.000000e+00 2.000000e+00 
2.000000e+00 2.000000e+00 2.000000e+00 2.000000e+00 2.000000e+00 2.000000e+00 2.000000e+00 2.000000e+00 2.000000e+00 2.000000e+00 
2.000000e+00 2.000000e+00 2.000000e+00 2.000000e+00 2.000000e+00 2.000000e+00 2.000000e+00 2.000000e+00 2.000000e+00 2.000000e+00 
2.000000e+00 2.000000e+00 2.000000e+00 2.000000e+00 2.000000e+00 2.000000e+00 2.000000e+00 2.000000e+00 2.000000e+00 2.000000e+00 
2.000000e+00 2.000000e+00 2.000000e+00 2.000000e+00 2.000000e+00 2.000000e+00 2.000000e+00 2.000000e+00 2.000000e+00 2.000000e+00 
2.000000e+00 2.000000e+00 2.000000e+00 2.000000e+00 2.000000e+00 2.000000e+00 2.000000e+00 2.000000e+00 2.000000e+00 2.000000e+00 
2.000000e+00 2.000000e+00 2.000000e+00 2.000000e+00 2.000000e+00 2.000000e+00 2.000000e+00 2.000000e+00 2.000000e+00 2.000000e+00 
2.000000e+00 2.000000e+00 2.000000e+00 2.000000e+00 2.000000e+00 2.000000e+00 2.000000e+00 2.000000e+00 2.000000e+00 2.000000e+00 
)
(w
3.279050e+00 3.438431e+00 3.649779e+00 3.923716e+00 4.273078e+00 4.714418e+00 5.267432e+00 5.956077e+00 6.800362e+00 7.822452e+00 
3.367605e+00 3.562885e+00 3.795704e+00 4.083131e+00 4.442207e+00 4.892208e+00 5.455720e+00 6.156684e+00 7.015228e+00 8.054662e+00 
3.477511e+00 3.696530e+00 3.947086e+00 4.247409e+00 4.616529e+00 5.076081e+00 5.650102e+00 6.361659e+00 7.233370e+00 8.285559e+00 
3.614775e+00 3.848934e+00 4.112801e+00 4.424024e+00 4.802615e+00 5.271674e+00 5.854917e+00 6.576439e+00 7.458742e+00 8.521283e+00 
3.785138e+00 4.028834e+00 4.302323e+00 4.622465e+00 5.009810e+00 5.487430e+00 6.078990e+00 6.809439e+00 7.700132e+00 8.770814e+00 
3.996434e+00 4.246493e+00 4.527241e+00 4.854905e+00 5.250063e+00 5.735237e+00 6.334680e+00 7.072545e+00 7.970126e+00 9.046240e+00 
4.259484e+00 4.514488e+00 4.801207e+00 5.135845e+00 5.538469e+00 6.030917e+00 6.637342e+00 7.381049e+00 8.283874e+00 9.363319e+00 
4.587644e+00 4.847676e+00 5.141085e+00 5.483338e+00 5.892927e+00 6.391808e+00 7.004030e+00 7.752771e+00 8.659297e+00 9.740465e+00 
4.996987e+00 5.264672e+00 5.566072e+00 5.915490e+00 6.331817e+00 6.837272e+00 7.454739e+00 8.207311e+00 9.115754e+00 1.019711e+01 
5.507359e+00 5.784461e+00 6.094492e+00 6.452458e+00 6.876212e+00 7.387264e+00 8.008755e+00 8.763977e+00 9.673146e+00 1.075303e+01 
6.134561e+00 6.424320e+00 6.746097e+00 7.112905e+00 7.543622e+00 8.060162e+00 8.685277e+00 9.441712e+00 1.034997e+01 1.139856e+01 
6.899441e+00 7.204874e+00 7.538313e+00 7.914934e+00 8.352961e+00 8.873648e+00 9.500580e+00 1.025674e+01 1.113532e+01 1.219700e+01 
7.817141e+00 8.139996e+00 8.487492e+00 8.873228e+00 9.316831e+00 9.840726e+00 1.046824e+01 1.119820e+01 1.208655e+01 1.307227e+01 
8.903099e+00 9.244594e+00 9.604104e+00 9.998366e+00 1.044667e+01 1.097139e+01 1.157751e+01 1.231122e+01 1.313436e+01 1.413341e+01 
1.016710e+01 1.052596e+01 1.089734e+01 1.129703e+01 1.174639e+01 1.225519e+01 1.285858e+01 1.354043e+01 1.436376e+01 1.525696e+01 
1.161609e+01 1.198946e+01 1.236728e+01 1.276915e+01 1.320699e+01 1.370747e+01 1.427058e+01 1.494031e+01 1.567638e+01 1.656273e+01 
1.325026e+01 1.363232e+01 1.401279e+01 1.440469e+01 1.483023e+01 1.529839e+01 1.584065e+01 1.643920e+01 1.715430e+01 1.791295e+01 
1.506613e+01 1.544885e+01 1.581858e+01 1.619567e+01 1.659252e+01 1.703386e+01 1.751656e+01 1.808315e+01 1.868991e+01 1.942063e+01 
1.705198e+01 1.742221e+01 1.777383e+01 1.812108e+01 1.848617e+01 1.887503e+01 1.931759e+01 1.979259e+01 2.035894e+01 2.094150e+01 
1.919209e+01 1.953629e+01 1.985237e+01 2.016250e+01 2.047752e+01 2.081979e+01 2.118339e+01 2.160787e+01 2.204755e+01 2.258460e+01 
2.146280e+01 2.176297e+01 2.203390e+01 2.229037e+01 2.255237e+01 2.282292e+01 2.312841e+01 2.344462e+01 2.382802e+01 2.420219e+01 
2.383868e+01 2.407753e+01 2.428411e+01 2.447970e+01 2.467157e+01 2.487807e+01 2.508896e+01 2.534061e+01 2.558455e+01 2.590178e+01 
2.628556e+01 2.644207e+01 2.657527e+01 2.669562e+01 2.681730e+01 2.693759e+01 2.707805e+01 2.721062e+01 2.738911e+01 2.753557e+01 
2.876738e+01 2.882383e+01 2.886817e+01 2.891059e+01 2.894925e+01 2.899510e+01 2.903245e+01 2.909347e+01 2.912703e+01 2.921253e+01 
9.040141e+00 1.046588e+01 1.210780e+01 1.396466e+01 1.602983e+01 1.828634e+01 2.071160e+01 2.327339e+01 2.593489e+01 2.864791e+01 
9.289159e+00 1.073221e+01 1.238653e+01 1.425116e+01 1.631363e+01 1.855692e+01 2.095324e+01 2.347047e+01 2.606681e+01 2.869630e+01 
9.533711e+00 1.098735e+01 1.264954e+01 1.451478e+01 1.657063e+01 1.879580e+01 2.116319e+01 2.363509e+01 2.617466e+01 2.873295e+01 
9.778878e+00 1.123933e+01 1.290428e+01 1.476640e+01 1.681166e+01 1.901742e+01 2.135224e+01 2.378243e+01 2.626725e+01 2.876574e+01 
1.003429e+01 1.149838e+01 1.316222e+01 1.501852e+01 1.705078e+01 1.923129e+01 2.153447e+01 2.391985e+01 2.635528e+01 2.879458e+01 
1.031326e+01 1.177785e+01 1.343840e+01 1.528638e+01 1.729618e+01 1.945295e+01 2.171570e+01 2.406051e+01 2.643961e+01 2.882638e+01 
1.063187e+01 1.209457e+01 1.374989e+01 1.557517e+01 1.756821e+01 1.968497e+01 2.191429e+01 2.420235e+01 2.653408e+01 2.885327e+01 
1.100835e+01 1.246745e+01 1.409829e+01 1.591370e+01 1.786322e+01 1.995337e+01 2.212156e+01 2.436810e+01 2.662545e+01 2.889345e+01 
1.146258e+01 1.289419e+01 1.452308e+01 1.628673e+01 1.821862e+01 2.023873e+01 2.237319e+01 2.453416e+01 2.674558e+01 2.891895e+01 
1.198811e+01 1.342588e+01 1.499143e+01 1.674987e+01 1.859783e+01 2.059493e+01 2.262766e+01 2.475156e+01 2.684955e+01 2.897787e+01 
1.264551e+01 1.400913e+01 1.558324e+01 1.724058e+01 1.907869e+01 2.095519e+01 2.296202e+01 2.495061e+01 2.701197e+01 2.899776e+01 
1.336457e+01 1.474720e+01 1.620432e+01 1.786568e+01 1.956426e+01 2.142603e+01 2.327561e+01 2.523639e+01 2.713044e+01 2.908251e+01 
1.426090e+01 1.551849e+01 1.698969e+01 1.849630e+01 2.018877e+01 2.187571e+01 2.370355e+01 2.547598e+01 2.733940e+01 2.909816e+01 
1.520129e+01 1.647432e+01 1.778368e+01 1.928856e+01 2.079551e+01 2.246179e+01 2.408714e+01 2.582731e+01 2.748021e+01 2.920319e+01 
1.633197e+01 1.744662e+01 1.875374e+01 2.006895e+01 2.155290e+01 2.300976e+01 2.459752e+01 2.611645e+01 2.772505e+01 2.922433e+01 
1.749196e+01 1.859938e+01 1.971800e+01 2.100805e+01 2.227986e+01 2.369339e+01 2.505342e+01 2.651930e+01 2.789437e+01 2.933956e+01 
1.882604e+01 1.975188e+01 2.084428e+01 2.192143e+01 2.314687e+01 2.432892e+01 2.562963e+01 2.685420e+01 2.816547e+01 2.936924e+01 
2.016592e+01 2.106303e+01 2.194507e+01 2.297622e+01 2.396876e+01 2.508814e+01 2.614218e+01 2.729637e+01 2.835729e+01 2.949181e+01 
2.165148e+01 2.234710e+01 2.318465e+01 2.398427e+01 2.491374e+01 2.578476e+01 2.676469e+01 2.766265e+01 2.864693e+01 2.952702e+01 
2.310962e+01 2.376032e+01 2.437193e+01 2.511111e+01 2.579399e+01 2.658986e+01 2.731134e+01 2.812828e+01 2.885217e+01 2.965392e+01 
2.467798e+01 2.511450e+01 2.566980e+01 2.616688e+01 2.677697e+01 2.731595e+01 2.795548e+01 2.850933e+01 2.915018e+01 2.969185e+01 
2.618233e+01 2.656499e+01 2.688654e+01 2.731663e+01 2.767457e+01 2.813386e+01 2.851114e+01 2.898091e+01 2.935872e+01 2.981981e+01 
2.776054e+01 2.792389e+01 2.818547e+01 2.837086e+01 2.865463e+01 2.885640e+01 2.915197e+01 2.935926e+01 2.965510e+01 2.985716e+01 
2.923974e+01 2.934808e+01 2.937612e+01 2.949591e+01 2.952998e+01 2.965533e+01 2.969255e+01 2.982000e+01 2.985722e+01 2.998305e+01 
)
)