((prof_5_T point 480)
(x
1.000000e+00 1.090909e+00 1.181818e+00 1.272727e+00 1.363636e+00 1.454545e+00 1.545455e+00 1.636364e+00 1.727273e+00 1.818182e+00 
1.909091e+00 2.000000e+00 1.000000e+00 1.090909e+00 1.181818e+00 1.272727e+00 1.363636e+00 1.454545e+00 1.545455e+00 1.636364e+00 
1.727273e+00 1.818182e+00 1.909091e+00 2.000000e+00 1.000000e+00 1.090909e+00 1.181818e+00 1.272727e+00 1.363636e+00 1.454545e+00 
1.545455e+00 1.636364e+00 1.727273e+00 1.818182e+00 1.909091e+00 2.000000e+00 1.000000e+00 1.090909e+00 1.181818e+00 1.272727e+00 
1.363636e+00 1.454545e+00 1.545455e+00 1.636364e+00 1.727273e+00 1.818182e+00 1.909091e+00 2.000000e+00 1.000000e+00 1.090909e+00 
1.181818e+00 1.272727e+00 1.363636e+00 1.454545e+00 1.545455e+00 1.636364e+00 1.727273e+00 1.818182e+00 1.909091e+00 2.000000e+00 
1.000000e+00 1.090909e+00 1.181818e+00 1.272727e+00 1.363636e+00 1.454545e+00 1.545455e+00 1.636364e+00 1.727273e+00 1.818182e+00 
1.909091e+00 2.000000e+00 1.000000e+00 1.090909e+00 1.181818e+00 1.272727e+00 1.363636e+00 1.454545e+00 1.545455e+00 1.636364e+00 
1.727273e+00 1.818182e+00 1.909091e+00 2.000000e+00 1.000000e+00 1.090909e+00 1.181818e+00 1.272727e+00 1.363636e+00 1.454545e+00 
1.545455e+00 1.636364e+00 1.727273e+00 1.818182e+00 1.909091e+00 2.000000e+00 1.000000e+00 1.090909e+00 1.181818e+00 1.272727e+00 
1.363636e+00 1.454545e+00 1.545455e+00 1.636364e+00 1.727273e+00 1.818182e+00 1.909091e+00 2.000000e+00 1.000000e+00 1.090909e+00 
1.181818e+00 1.272727e+00 1.363636e+00 1.454545e+00 1.545455e+00 1.636364e+00 1.727273e+00 1.818182e+00 1.909091e+00 2.000000e+00 
1.000000e+00 1.090909e+00 1.181818e+00 1.272727e+00 1.363636e+00 1.454545e+00 1.545455e+00 1.636364e+00 1.727273e+00 1.818182e+00 
1.909091e+00 2.000000e+00 1.000000e+00 1.090909e+00 1.181818e+00 1.272727e+00 1.363636e+00 1.454545e+00 1.545455e+00 1.636364e+00 
1.727273e+00 1.818182e+00 1.909091e+00 2.000000e+00 1.000000e+00 1.090909e+00 1.181818e+00 1.272727e+00 1.363636e+00 1.454545e+00 
1.545455e+00 1.636364e+00 1.727273e+00 1.818182e+00 1.909091e+00 2.000000e+00 1.000000e+00 1.090909e+00 1.181818e+00 1.272727e+00 
1.363636e+00 1.454545e+00 1.545455e+00 1.636364e+00 1.727273e+00 1.818182e+00 1.909091e+00 2.000000e+00 1.000000e+00 1.090909e+00 
1.181818e+00 1.272727e+00 1.363636e+00 1.454545e+00 1.545455e+00 1.636364e+00 1.727273e+00 1.818182e+00 1.909091e+00 2.000000e+00 
1.000000e+00 1.090909e+00 1.181818e+00 1.272727e+00 1.363636e+00 1.454545e+00 1.545455e+00 1.636364e+00 1.727273e+00 1.818182e+00 
1.909091e+00 2.000000e+00 1.000000e+00 1.090909e+00 1.181818e+00 1.272727e+00 1.363636e+00 1.454545e+00 1.545455e+00 1.636364e+00 
1.727273e+00 1.818182e+00 1.909091e+00 2.000000e+00 1.000000e+00 1.090909e+00 1.181818e+00 1.272727e+00 1.363636e+00 1.454545e+00 
1.545455e+00 1.636364e+00 1.727273e+00 1.818182e+00 1.909091e+00 2.000000e+00 1.000000e+00 1.090909e+00 1.181818e+00 1.272727e+00 
1.363636e+00 1.454545e+00 1.545455e+00 1.636364e+00 1.727273e+00 1.818182e+00 1.909091e+00 2.000000e+00 1.000000e+00 1.090909e+00 
1.181818e+00 1.272727e+00 1.363636e+00 1.454545e+00 1.545455e+00 1.636364e+00 1.727273e+00 1.818182e+00 1.909091e+00 2.000000e+00 
0.000000e+00 9.090909e-02 1.818182e-01 2.727273e-01 3.636364e-01 4.545455e-01 5.454545e-01 6.363636e-01 7.272727e-01 8.181818e-01 
9.090909e-01 1.000000e+00 0.000000e+00 9.090909e-02 1.818182e-01 2.727273e-01 3.636364e-01 4.545455e-01 5.454545e-01 6.363636e-01 
7.272727e-01 8.181818e-01 9.090909e-01 1.000000e+00 0.000000e+00 9.090909e-02 1.818182e-01 2.727273e-01 3.636364e-01 4.545455e-01 
5.454545e-01 6.363636e-01 7.272727e-01 8.181818e-01 9.090909e-01 1.000000e+00 0.000000e+00 9.090909e-02 1.818182e-01 2.727273e-01 
3.636364e-01 4.545455e-01 5.454545e-01 6.363636e-01 7.272727e-01 8.181818e-01 9.090909e-01 1.000000e+00 0.000000e+00 9.090909e-02 
1.818182e-01 2.727273e-01 3.636364e-01 4.545455e-01 5.454545e-01 6.363636e-01 7.272727e-01 8.181818e-01 9.090909e-01 1.000000e+00 
0.000000e+00 9.090909e-02 1.818182e-01 2.727273e-01 3.636364e-01 4.545455e-01 5.454545e-01 6.363636e-01 7.272727e-01 8.181818e-01 
9.090909e-01 1.000000e+00 0.000000e+00 9.090909e-02 1.818182e-01 2.727273e-01 3.636364e-01 4.545455e-01 5.454545e-01 6.363636e-01 
7.272727e-01 8.181818e-01 9.090909e-01 1.000000e+00 0.000000e+00 9.090909e-02 1.818182e-01 2.727273e-01 3.636364e-01 4.545455e-01 
5.454545e-01 6.363636e-01 7.272727e-01 8.181818e-01 9.090909e-01 1.000000e+00 0.000000e+00 9.090909e-02 1.818182e-01 2.727273e-01 
3.636364e-01 4.545455e-01 5.454545e-01 6.363636e-01 7.272727e-01 8.181818e-01 9.090909e-01 1.000000e+00 0.000000e+00 9.090909e-02 
1.818182e-01 2.727273e-01 3.636364e-01 4.545455e-01 5.454545e-01 6.363636e-01 7.272727e-01 8.181818e-01 9.090909e-01 1.000000e+00 
0.000000e+00 9.090909e-02 1.818182e-01 2.727273e-01 3.636364e-01 4.545455e-01 5.454545e-01 6.363636e-01 7.272727e-01 8.181818e-01 
9.090909e-01 1.000000e+00 0.000000e+00 9.090909e-02 1.818182e-01 2.727273e-01 3.636364e-01 4.545455e-01 5.454545e-01 6.363636e-01 
7.272727e-01 8.181818e-01 9.090909e-01 1.000000e+00 0.000000e+00 9.090909e-02 1.818182e-01 2.727273e-01 3.636364e-01 4.545455e-01 
5.454545e-01 6.363636e-01 7.272727e-01 8.181818e-01 9.090909e-01 1.000000e+00 0.000000e+00 9.090909e-02 1.818182e-01 2.727273e-01 
3.636364e-01 4.545455e-01 5.454545e-01 6.363636e-01 7.272727e-01 8.181818e-01 9.090909e-01 1.000000e+00 0.000000e+00 9.090909e-02 
1.818182e-01 2.727273e-01 3.636364e-01 4.545455e-01 5.454545e-01 6.363636e-01 7.272727e-01 8.181818e-01 9.090909e-01 1.000000e+00 
0.000000e+00 9.090909e-02 1.818182e-01 2.727273e-01 3.636364e-01 4.545455e-01 5.454545e-01 6.363636e-01 7.272727e-01 8.181818e-01 
9.090909e-01 1.000000e+00 0.000000e+00 9.090909e-02 1.818182e-01 2.727273e-01 3.636364e-01 4.545455e-01 5.454545e-01 6.363636e-01 
7.272727e-01 8.181818e-01 9.090909e-01 1.000000e+00 0.000000e+00 9.090909e-02 1.818182e-01 2.727273e-01 3.636364e-01 4.545455e-01 
5.454545e-01 6.363636e-01 7.272727e-01 8.181818e-01 9.090909e-01 1.000000e+00 0.000000e+00 9.090909e-02 1.818182e-01 2.727273e-01 
3.636364e-01 4.545455e-01 5.454545e-01 6.363636e-01 7.272727e-01 8.181818e-01 9.090909e-01 1.000000e+00 0.000000e+00 9.090909e-02 
1.818182e-01 2.727273e-01 3.636364e-01 4.545455e-01 5.454545e-01 6.363636e-01 7.272727e-01 8.181818e-01 9.090909e-01 1.000000e+00 
)
(y
1.000000e+00 1.000000e+00 1.000000e+00 1.000000e+00 1.000000e+00 1.000000e+00 1.000000e+00 1.000000e+00 1.000000e+00 1.000000e+00 
1.000000e+00 1.000000e+00 1.111111e+00 1.111111e+00 1.111111e+00 1.111111e+00 1.111111e+00 1.111111e+00 1.111111e+00 1.111111e+00 
1.111111e+00 1.111111e+00 1.111111e+00 1.111111e+00 1.222222e+00 1.222222e+00 1.222222e+00 1.222222e+00 1.222222e+00 1.222222e+00 
1.222222e+00 1.222222e+00 1.222222e+00 1.222222e+00 1.222222e+00 1.222222e+00 1.333333e+00 1.333333e+00 1.333333e+00 1.333333e+00 
1.333333e+00 1.333333e+00 1.333333e+00 1.333333e+00 1.333333e+00 1.333333e+00 1.333333e+00 1.333333e+00 1.444444e+00 1.444444e+00 
1.444444e+00 1.444444e+00 1.444444e+00 1.444444e+00 1.444444e+00 1.444444e+00 1.444444e+00 1.444444e+00 1.444444e+00 1.444444e+00 
1.555556e+00 1.555556e+00 1.555556e+00 1.555556e+00 1.555556e+00 1.555556e+00 1.555556e+00 1.555556e+00 1.555556e+00 1.555556e+00 
1.555556e+00 1.555556e+00 1.666667e+00 1.666667e+00 1.666667e+00 1.666667e+00 1.666667e+00 1.666667e+00 1.666667e+00 1.666667e+00 
1.666667e+00 1.666667e+00 1.666667e+00 1.666667e+00 1.777778e+00 1.777778e+00 1.777778e+00 1.777778e+00 1.777778e+00 1.777778e+00 
1.777778e+00 1.777778e+00 1.777778e+00 1.777778e+00 1.777778e+00 1.777778e+00 1.888889e+00 1.888889e+00 1.888889e+00 1.888889e+00 
1.888889e+00 1.888889e+00 1.888889e+00 1.888889e+00 1.888889e+00 1.888889e+00 1.888889e+00 1.888889e+00 2.000000e+00 2.000000e+00 
2.000000e+00 2.000000e+00 2.000000e+00 2.000000e+00 2.000000e+00 2.000000e+00 2.000000e+00 2.000000e+00 2.000000e+00 2.000000e+00 
0.000000e+00 0.000000e+00 0.000000e+00 0.000000e+00 0.000000e+00 0.000000e+00 0.000000e+00 0.000000e+00 0.000000e+00 0.000000e+00 
0.000000e+00 0.000000e+00 1.111111e-01 1.111111e-01 1.111111e-01 1.111111e-01 1.111111e-01 1.111111e-01 1.111111e-01 1.111111e-01 
1.111111e-01 1.111111e-01 1.111111e-01 1.111111e-01 2.222222e-01 2.222222e-01 2.222222e-01 2.222222e-01 2.222222e-01 2.222222e-01 
2.222222e-01 2.222222e-01 2.222222e-01 2.222222e-01 2.222222e-01 2.222222e-01 3.333333e-01 3.333333e-01 3.333333e-01 3.333333e-01 
3.333333e-01 3.333333e-01 3.333333e-01 3.333333e-01 3.333333e-01 3.333333e-01 3.333333e-01 3.333333e-01 4.444444e-01 4.444444e-01 
4.444444e-01 4.444444e-01 4.444444e-01 4.444444e-01 4.444444e-01 4.444444e-01 4.444444e-01 4.444444e-01 4.444444e-01 4.444444e-01 
5.555556e-01 5.555556e-01 5.555556e-01 5.555556e-01 5.555556e-01 5.555556e-01 5.555556e-01 5.555556e-01 5.555556e-01 5.555556e-01 
5.555556e-01 5.555556e-01 6.666667e-01 6.666667e-01 6.666667e-01 6.666667e-01 6.666667e-01 6.666667e-01 6.666667e-01 6.666667e-01 
6.666667e-01 6.666667e-01 6.666667e-01 6.666667e-01 7.777778e-01 7.777778e-01 7.777778e-01 7.777778e-01 7.777778e-01 7.777778e-01 
7.777778e-01 7.777778e-01 7.777778e-01 7.777778e-01 7.777778e-01 7.777778e-01 8.888889e-01 8.888889e-01 8.888889e-01 8.888889e-01 
8.888889e-01 8.888889e-01 8.888889e-01 8.888889e-01 8.888889e-01 8.888889e-01 8.888889e-01 8.888889e-01 1.000000e+00 1.000000e+00 
1.000000e+00 1.000000e+00 1.000000e+00 1.000000e+00 1.000000e+00 1.000000e+00 1.000000e+00 1.000000e+00 1.000000e+00 1.000000e+00 
1.000000e+00 1.000000e+00 1.000000e+00 1.000000e+00 1.000000e+00 1.000000e+00 1.000000e+00 1.000000e+00 1.000000e+00 1.000000e+00 
1.000000e+00 1.000000e+00 1.111111e+00 1.111111e+00 1.111111e+00 1.111111e+00 1.111111e+00 1.111111e+00 1.111111e+00 1.111111e+00 
1.111111e+00 1.111111e+00 1.111111e+00 1.111111e+00 1.222222e+00 1.222222e+00 1.222222e+00 1.222222e+00 1.222222e+00 1.222222e+00 
1.222222e+00 1.222222e+00 1.222222e+00 1.222222e+00 1.222222e+00 1.222222e+00 1.333333e+00 1.333333e+00 1.333333e+00 1.333333e+00 
1.333333e+00 1.333333e+00 1.333333e+00 1.333333e+00 1.333333e+00 1.333333e+00 1.333333e+00 1.333333e+00 1.444444e+00 1.444444e+00 
1.444444e+00 1.444444e+00 1.444444e+00 1.444444e+00 1.444444e+00 1.444444e+00 1.444444e+00 1.444444e+00 1.444444e+00 1.444444e+00 
1.555556e+00 1.555556e+00 1.555556e+00 1.555556e+00 1.555556e+00 1.555556e+00 1.555556e+00 1.555556e+00 1.555556e+00 1.555556e+00 
1.555556e+00 1.555556e+00 1.666667e+00 1.666667e+00 1.666667e+00 1.666667e+00 1.666667e+00 1.666667e+00 1.666667e+00 1.666667e+00 
1.666667e+00 1.666667e+00 1.666667e+00 1.666667e+00 1.777778e+00 1.777778e+00 1.777778e+00 1.777778e+00 1.777778e+00 1.777778e+00 
1.777778e+00 1.777778e+00 1.777778e+00 1.777778e+00 1.777778e+00 1.777778e+00 1.888889e+00 1.888889e+00 1.888889e+00 1.888889e+00 
1.888889e+00 1.888889e+00 1.888889e+00 1.888889e+00 1.888889e+00 1.888889e+00 1.888889e+00 1.888889e+00 2.000000e+00 2.000000e+00 
2.000000e+00 2.000000e+00 2.000000e+00 2.000000e+00 2.000000e+00 2.000000e+00 2.000000e+00 2.000000e+00 2.000000e+00 2.000000e+00 
0.000000e+00 0.000000e+00 0.000000e+00 0.000000e+00 0.000000e+00 0.000000e+00 0.000000e+00 0.000000e+00 0.000000e+00 0.000000e+00 
0.000000e+00 0.000000e+00 1.111111e-01 1.111111e-01 1.111111e-01 1.111111e-01 1.111111e-01 1.111111e-01 1.111111e-01 1.111111e-01 
1.111111e-01 1.111111e-01 1.111111e-01 1.111111e-01 2.222222e-01 2.222222e-01 2.222222e-01 2.222222e-01 2.222222e-01 2.222222e-01 
2.222222e-01 2.222222e-01 2.222222e-01 2.222222e-01 2.222222e-01 2.222222e-01 3.333333e-01 3.333333e-01 3.333333e-01 3.333333e-01 
3.333333e-01 3.333333e-01 3.333333e-01 3.333333e-01 3.333333e-01 3.333333e-01 3.333333e-01 3.333333e-01 4.444444e-01 4.444444e-01 
4.444444e-01 4.444444e-01 4.444444e-01 4.444444e-01 4.444444e-01 4.444444e-01 4.444444e-01 4.444444e-01 4.444444e-01 4.444444e-01 
5.555556e-01 5.555556e-01 5.555556e-01 5.555556e-01 5.555556e-01 5.555556e-01 5.555556e-01 5.555556e-01 5.555556e-01 5.555556e-01 
5.555556e-01 5.555556e-01 6.666667e-01 6.666667e-01 6.666667e-01 6.666667e-01 6.666667e-01 6.666667e-01 6.666667e-01 6.666667e-01 
6.666667e-01 6.666667e-01 6.666667e-01 6.666667e-01 7.777778e-01 7.777778e-01 7.777778e-01 7.777778e-01 7.777778e-01 7.777778e-01 
7.777778e-01 7.777778e-01 7.777778e-01 7.777778e-01 7.777778e-01 7.777778e-01 8.888889e-01 8.888889e-01 8.888889e-01 8.888889e-01 
8.888889e-01 8.888889e-01 8.888889e-01 8.888889e-01 8.888889e-01 8.888889e-01 8.888889e-01 8.888889e-01 1.000000e+00 1.000000e+00 
1.000000e+00 1.000000e+00 1.000000e+00 1.000000e+00 1.000000e+00 1.000000e+00 1.000000e+00 1.000000e+00 1.000000e+00 1.000000e+00 
)
(z
0.000000e+00 0.000000e+00 0.000000e+00 0.000000e+00 0.000000e+00 0.000000e+00 0.000000e+00 0.000000e+00 0.000000e+00 0.000000e+00 
0.000000e+00 0.000000e+00 0.000000e+00 0.000000e+00 0.000000e+00 0.000000e+00 0.000000e+00 0.000000e+00 0.000000e+00 0.000000e+00 
0.000000e+00 0.000000e+00 0.000000e+00 0.000000e+00 0.000000e+00 0.000000e+00 0.000000e+00 0.000000e+00 0.000000e+00 0.000000e+00 
0.000000e+00 0.000000e+00 0.000000e+00 0.000000e+00 0.000000e+00 0.000000e+00 0.000000e+00 0.000000e+00 0.000000e+00 0.000000e+00 
0.000000e+00 0.000000e+00 0.000000e+00 0.000000e+00 0.000000e+00 0.000000e+00 0.000000e+00 0.000000e+00 0.000000e+00 0.000000e+00 
0.000000e+00 0.000000e+00 0.000000e+00 0.000000e+00 0.000000e+00 0.000000e+00 0.000000e+00 0.000000e+00 0.000000e+00 0.000000e+00 
0.000000e+00 0.000000e+00 0.000000e+00 0.000000e+00 0.000000e+00 0.000000e+00 0.000000e+00 0.000000e+00 0.000000e+00 0.000000e+00 
0.000000e+00 0.000000e+00 0.000000e+00 0.000000e+00 0.000000e+00 0.000000e+00 0.000000e+00 0.000000e+00 0.000000e+00 0.000000e+00 
0.000000e+00 0.000000e+00 0.000000e+00 0.000000e+00 0.000000e+00 0.000000e+00 0.000000e+00 0.000000e+00 0.000000e+00 0.000000e+00 
0.000000e+00 0.000000e+00 0.000000e+00 0.000000e+00 0.000000e+00 0.000000e+00 0.000000e+00 0.000000e+00 0.000000e+00 0.000000e+00 
0.000000e+00 0.000000e+00 0.000000e+00 0.000000e+00 0.000000e+00 0.000000e+00 0.000000e+00 0.000000e+00 0.000000e+00 0.000000e+00 
0.000000e+00 0.000000e+00 0.000000e+00 0.000000e+00 0.000000e+00 0.000000e+00 0.000000e+00 0.000000e+00 0.000000e+00 0.000000e+00 
0.000000e+00 0.000000e+00 0.000000e+00 0.000000e+00 0.000000e+00 0.000000e+00 0.000000e+00 0.000000e+00 0.000000e+00 0.000000e+00 
0.000000e+00 0.000000e+00 0.000000e+00 0.000000e+00 0.000000e+00 0.000000e+00 0.000000e+00 0.000000e+00 0.000000e+00 0.000000e+00 
0.000000e+00 0.000000e+00 0.000000e+00 0.000000e+00 0.000000e+00 0.000000e+00 0.000000e+00 0.000000e+00 0.000000e+00 0.000000e+00 
0.000000e+00 0.000000e+00 0.000000e+00 0.000000e+00 0.000000e+00 0.000000e+00 0.000000e+00 0.000000e+00 0.000000e+00 0.000000e+00 
0.000000e+00 0.000000e+00 0.000000e+00 0.000000e+00 0.000000e+00 0.000000e+00 0.000000e+00 0.000000e+00 0.000000e+00 0.000000e+00 
0.000000e+00 0.000000e+00 0.000000e+00 0.000000e+00 0.000000e+00 0.000000e+00 0.000000e+00 0.000000e+00 0.000000e+00 0.000000e+00 
0.000000e+00 0.000000e+00 0.000000e+00 0.000000e+00 0.000000e+00 0.000000e+00 0.000000e+00 0.000000e+00 0.000000e+00 0.000000e+00 
0.000000e+00 0.000000e+00 0.000000e+00 0.000000e+00 0.000000e+00 0.000000e+00 0.000000e+00 0.000000e+00 0.000000e+00 0.000000e+00 
0.000000e+00 0.000000e+00 0.000000e+00 0.000000e+00 0.000000e+00 0.000000e+00 0.000000e+00 0.000000e+00 0.000000e+00 0.000000e+00 
0.000000e+00 0.000000e+00 0.000000e+00 0.000000e+00 0.000000e+00 0.000000e+00 0.000000e+00 0.000000e+00 0.000000e+00 0.000000e+00 
0.000000e+00 0.000000e+00 0.000000e+00 0.000000e+00 0.000000e+00 0.000000e+00 0.000000e+00 0.000000e+00 0.000000e+00 0.000000e+00 
0.000000e+00 0.000000e+00 0.000000e+00 0.000000e+00 0.000000e+00 0.000000e+00 0.000000e+00 0.000000e+00 0.000000e+00 0.000000e+00 
0.000000e+00 0.000000e+00 0.000000e+00 0.000000e+00 0.000000e+00 0.000000e+00 0.000000e+00 0.000000e+00 0.000000e+00 0.000000e+00 
0.000000e+00 0.000000e+00 0.000000e+00 0.000000e+00 0.000000e+00 0.000000e+00 0.000000e+00 0.000000e+00 0.000000e+00 0.000000e+00 
0.000000e+00 0.000000e+00 0.000000e+00 0.000000e+00 0.000000e+00 0.000000e+00 0.000000e+00 0.000000e+00 0.000000e+00 0.000000e+00 
0.000000e+00 0.000000e+00 0.000000e+00 0.000000e+00 0.000000e+00 0.000000e+00 0.000000e+00 0.000000e+00 0.000000e+00 0.000000e+00 
0.000000e+00 0.000000e+00 0.000000e+00 0.000000e+00 0.000000e+00 0.000000e+00 0.000000e+00 0.000000e+00 0.000000e+00 0.000000e+00 
0.000000e+00 0.000000e+00 0.000000e+00 0.000000e+00 0.000000e+00 0.000000e+00 0.000000e+00 0.000000e+00 0.000000e+00 0.000000e+00 
0.000000e+00 0.000000e+00 0.000000e+00 0.000000e+00 0.000000e+00 0.000000e+00 0.000000e+00 0.000000e+00 0.000000e+00 0.000000e+00 
0.000000e+00 0.000000e+00 0.000000e+00 0.000000e+00 0.000000e+00 0.000000e+00 0.000000e+00 0.000000e+00 0.000000e+00 0.000000e+00 
0.000000e+00 0.000000e+00 0.000000e+00 0.000000e+00 0.000000e+00 0.000000e+00 0.000000e+00 0.000000e+00 0.000000e+00 0.000000e+00 
0.000000e+00 0.000000e+00 0.000000e+00 0.000000e+00 0.000000e+00 0.000000e+00 0.000000e+00 0.000000e+00 0.000000e+00 0.000000e+00 
0.000000e+00 0.000000e+00 0.000000e+00 0.000000e+00 0.000000e+00 0.000000e+00 0.000000e+00 0.000000e+00 0.000000e+00 0.000000e+00 
0.000000e+00 0.000000e+00 0.000000e+00 0.000000e+00 0.000000e+00 0.000000e+00 0.000000e+00 0.000000e+00 0.000000e+00 0.000000e+00 
0.000000e+00 0.000000e+00 0.000000e+00 0.000000e+00 0.000000e+00 0.000000e+00 0.000000e+00 0.000000e+00 0.000000e+00 0.000000e+00 
0.000000e+00 0.000000e+00 0.000000e+00 0.000000e+00 0.000000e+00 0.000000e+00 0.000000e+00 0.000000e+00 0.000000e+00 0.000000e+00 
0.000000e+00 0.000000e+00 0.000000e+00 0.000000e+00 0.000000e+00 0.000000e+00 0.000000e+00 0.000000e+00 0.000000e+00 0.000000e+00 
0.000000e+00 0.000000e+00 0.000000e+00 0.000000e+00 0.000000e+00 0.000000e+00 0.000000e+00 0.000000e+00 0.000000e+00 0.000000e+00 
0.000000e+00 0.000000e+00 0.000000e+00 0.000000e+00 0.000000e+00 0.000000e+00 0.000000e+00 0.000000e+00 0.000000e+00 0.000000e+00 
0.000000e+00 0.000000e+00 0.000000e+00 0.000000e+00 0.000000e+00 0.000000e+00 0.000000e+00 0.000000e+00 0.000000e+00 0.000000e+00 
0.000000e+00 0.000000e+00 0.000000e+00 0.000000e+00 0.000000e+00 0.000000e+00 0.000000e+00 0.000000e+00 0.000000e+00 0.000000e+00 
0.000000e+00 0.000000e+00 0.000000e+00 0.000000e+00 0.000000e+00 0.000000e+00 0.000000e+00 0.000000e+00 0.000000e+00 0.000000e+00 
0.000000e+00 0.000000e+00 0.000000e+00 0.000000e+00 0.000000e+00 0.000000e+00 0.000000e+00 0.000000e+00 0.000000e+00 0.000000e+00 
0.000000e+00 0.000000e+00 0.000000e+00 0.000000e+00 0.000000e+00 0.000000e+00 0.000000e+00 0.000000e+00 0.000000e+00 0.000000e+00 
0.000000e+00 0.000000e+00 0.000000e+00 0.000000e+00 0.000000e+00 0.000000e+00 0.000000e+00 0.000000e+00 0.000000e+00 0.000000e+00 
0.000000e+00 0.000000e+00 0.000000e+00 0.000000e+00 0.000000e+00 0.000000e+00 0.000000e+00 0.000000e+00 0.000000e+00 0.000000e+00 
)
(w
1.360373e+01 1.440748e+01 1.532281e+01 1.635585e+01 1.751147e+01 1.879256e+01 2.020079e+01 2.173434e+01 2.338976e+01 2.515968e+01 
2.703406e+01 2.899916e+01 1.469251e+01 1.543376e+01 1.628008e+01 1.723739e+01 1.831070e+01 1.950264e+01 2.081534e+01 2.224711e+01 
2.379508e+01 2.545255e+01 2.721033e+01 2.905577e+01 1.593115e+01 1.660391e+01 1.737412e+01 1.824732e+01 1.922875e+01 2.032062e+01 
2.152559e+01 2.284211e+01 2.426791e+01 2.579699e+01 2.742105e+01 2.912856e+01 1.732564e+01 1.792393e+01 1.861087e+01 1.939126e+01 
2.027068e+01 2.125071e+01 2.233449e+01 2.352060e+01 2.480734e+01 2.618953e+01 2.765986e+01 2.920810e+01 1.887909e+01 1.939721e+01 
1.999410e+01 2.067333e+01 2.144106e+01 2.229798e+01 2.324762e+01 2.428870e+01 2.541998e+01 2.663710e+01 2.793377e+01 2.930113e+01 
2.059074e+01 2.102314e+01 2.152335e+01 2.209315e+01 2.273937e+01 2.346174e+01 2.426400e+01 2.514505e+01 2.610407e+01 2.713753e+01 
2.824021e+01 2.940475e+01 2.245612e+01 2.279783e+01 2.319545e+01 2.364828e+01 2.416391e+01 2.474100e+01 2.538331e+01 2.608993e+01 
2.686035e+01 2.769188e+01 2.858046e+01 2.952024e+01 2.446546e+01 2.471208e+01 2.500180e+01 2.533087e+01 2.570751e+01 2.612940e+01 
2.660005e+01 2.711869e+01 2.768511e+01 2.829743e+01 2.895273e+01 2.964680e+01 2.660447e+01 2.675247e+01 2.692991e+01 2.712958e+01 
2.735997e+01 2.761796e+01 2.790650e+01 2.822497e+01 2.857337e+01 2.895060e+01 2.935494e+01 2.978385e+01 2.885325e+01 2.890017e+01 
2.896199e+01 2.902794e+01 2.910627e+01 2.919324e+01 2.929098e+01 2.939895e+01 2.951731e+01 2.964570e+01 2.978362e+01 2.993030e+01 
8.703032e+00 9.846528e+00 1.112510e+01 1.254365e+01 1.410538e+01 1.581133e+01 1.765998e+01 1.964683e+01 2.176414e+01 2.400062e+01 
2.634138e+01 2.876786e+01 8.866245e+00 9.994438e+00 1.125723e+01 1.265973e+01 1.420537e+01 1.589539e+01 1.772851e+01 1.970047e+01 
2.180374e+01 2.402727e+01 2.635634e+01 2.877257e+01 9.075629e+00 1.018528e+01 1.142887e+01 1.281172e+01 1.433746e+01 1.600760e+01 
1.782107e+01 1.977389e+01 2.185879e+01 2.406496e+01 2.637792e+01 2.877948e+01 9.339791e+00 1.042733e+01 1.164789e+01 1.300699e+01 
1.450849e+01 1.615412e+01 1.794310e+01 1.987172e+01 2.193300e+01 2.411643e+01 2.640784e+01 2.878926e+01 9.668243e+00 1.072975e+01 
1.192302e+01 1.325377e+01 1.472606e+01 1.634188e+01 1.810071e+01 1.999912e+01 2.203053e+01 2.418471e+01 2.644792e+01 2.880250e+01 
1.007133e+01 1.110252e+01 1.226381e+01 1.356106e+01 1.499854e+01 1.657848e+01 1.830063e+01 2.016190e+01 2.215605e+01 2.427323e+01 
2.650012e+01 2.881953e+01 1.056009e+01 1.155634e+01 1.268048e+01 1.393852e+01 1.533490e+01 1.687208e+01 1.855015e+01 2.036630e+01 
2.231473e+01 2.438596e+01 2.656714e+01 2.884151e+01 1.114607e+01 1.210240e+01 1.318378e+01 1.439632e+01 1.574461e+01 1.723132e+01 
1.885688e+01 2.061878e+01 2.251177e+01 2.452680e+01 2.665160e+01 2.886991e+01 1.184102e+01 1.275213e+01 1.378472e+01 1.494494e+01 
1.623749e+01 1.766521e+01 1.922887e+01 2.092623e+01 2.275260e+01 2.469950e+01 2.675542e+01 2.890499e+01 1.265655e+01 1.351688e+01 
1.449423e+01 1.559479e+01 1.682333e+01 1.818277e+01 1.967428e+01 2.129582e+01 2.304325e+01 2.490851e+01 2.688068e+01 2.894504e+01 
9.936009e+00 9.975019e+00 1.004273e+01 1.014394e+01 1.028397e+01 1.046867e+01 1.070445e+01 1.099820e+01 1.135727e+01 1.178938e+01 
1.230247e+01 1.290459e+01 1.138760e+01 1.141585e+01 1.147036e+01 1.155565e+01 1.167671e+01 1.183907e+01 1.204879e+01 1.231239e+01 
1.263684e+01 1.302948e+01 1.349786e+01 1.404966e+01 1.300468e+01 1.302299e+01 1.306496e+01 1.313475e+01 1.323701e+01 1.337688e+01 
1.355996e+01 1.379235e+01 1.408053e+01 1.443138e+01 1.485198e+01 1.534951e+01 1.478934e+01 1.479895e+01 1.482944e+01 1.488459e+01 
1.496861e+01 1.508617e+01 1.524241e+01 1.544287e+01 1.569347e+01 1.600050e+01 1.637049e+01 1.681001e+01 1.674051e+01 1.674300e+01 
1.676344e+01 1.680515e+01 1.687185e+01 1.696770e+01 1.709725e+01 1.726543e+01 1.747747e+01 1.773897e+01 1.805584e+01 1.843395e+01 
1.885333e+01 1.885058e+01 1.886269e+01 1.889249e+01 1.894316e+01 1.901822e+01 1.912158e+01 1.925749e+01 1.943040e+01 1.964506e+01 
1.990661e+01 2.022022e+01 2.111867e+01 2.111275e+01 2.111850e+01 2.113819e+01 2.117439e+01 2.122992e+01 2.130795e+01 2.141195e+01 
2.154558e+01 2.171256e+01 2.191710e+01 2.216365e+01 2.352279e+01 2.351591e+01 2.351740e+01 2.352896e+01 2.355247e+01 2.359000e+01 
2.364385e+01 2.371665e+01 2.381122e+01 2.393017e+01 2.407647e+01 2.425378e+01 2.604714e+01 2.604152e+01 2.604093e+01 2.604641e+01 
2.605916e+01 2.608044e+01 2.611157e+01 2.615419e+01 2.621030e+01 2.628143e+01 2.636897e+01 2.647540e+01 2.866838e+01 2.866617e+01 
2.866561e+01 2.866705e+01 2.867099e+01 2.867787e+01 2.868799e+01 2.870173e+01 2.872023e+01 2.874421e+01 2.877330e+01 2.880763e+01 
3.050511e+00 3.083184e+00 3.180632e+00 3.346660e+00 3.584620e+00 3.898385e+00 4.292620e+00 4.772844e+00 5.345366e+00 6.017152e+00 
6.795627e+00 7.688415e+00 3.216669e+00 3.283398e+00 3.401160e+00 3.578182e+00 3.820557e+00 4.133888e+00 4.524005e+00 4.997241e+00 
5.560502e+00 6.221212e+00 6.987152e+00 7.866241e+00 3.484796e+00 3.569377e+00 3.698924e+00 3.881747e+00 4.124841e+00 4.434739e+00 
4.818048e+00 5.281719e+00 5.833148e+00 6.480143e+00 7.230799e+00 8.093296e+00 3.859470e+00 3.951187e+00 4.084924e+00 4.268156e+00 
4.507901e+00 4.811040e+00 5.184601e+00 5.635935e+00 6.172784e+00 6.803252e+00 7.535681e+00 8.378464e+00 4.344312e+00 4.436377e+00 
4.568536e+00 4.747516e+00 4.980099e+00 5.273217e+00 5.634077e+00 6.070249e+00 6.589692e+00 7.200703e+00 7.911800e+00 8.731534e+00 
4.944483e+00 5.032430e+00 5.158803e+00 5.329798e+00 5.551930e+00 5.832056e+00 6.177415e+00 6.595667e+00 7.094872e+00 7.683434e+00 
8.369969e+00 9.163121e+00 5.666662e+00 5.747472e+00 5.865031e+00 6.025164e+00 6.234142e+00 6.498692e+00 6.826002e+00 7.223719e+00 
7.699918e+00 8.263020e+00 8.921665e+00 9.684529e+00 6.518614e+00 6.590265e+00 6.696885e+00 6.844013e+00 7.037700e+00 7.284509e+00 
7.591514e+00 7.966278e+00 8.416805e+00 8.951458e+00 9.578824e+00 1.030754e+01 7.508680e+00 7.569908e+00 7.664183e+00 7.796795e+00 
7.973576e+00 8.200895e+00 8.485657e+00 8.835273e+00 9.257603e+00 9.760870e+00 1.035354e+01 1.104413e+01 8.645219e+00 8.695387e+00 
8.776515e+00 8.893654e+00 9.052396e+00 9.258882e+00 9.519791e+00 9.842311e+00 1.023409e+01 1.070313e+01 1.125768e+01 1.190609e+01 
)
)