((prof_3_T point 672)
(x
1.000000e+00 1.076923e+00 1.153846e+00 1.230769e+00 1.307692e+00 1.384615e+00 1.461538e+00 1.538462e+00 1.615385e+00 1.692308e+00 
1.769231e+00 1.846154e+00 1.923077e+00 2.000000e+00 1.000000e+00 1.076923e+00 1.153846e+00 1.230769e+00 1.307692e+00 1.384615e+00 
1.461538e+00 1.538462e+00 1.615385e+00 1.692308e+00 1.769231e+00 1.846154e+00 1.923077e+00 2.000000e+00 1.000000e+00 1.076923e+00 
1.153846e+00 1.230769e+00 1.307692e+00 1.384615e+00 1.461538e+00 1.538462e+00 1.615385e+00 1.692308e+00 1.769231e+00 1.846154e+00 
1.923077e+00 2.000000e+00 1.000000e+00 1.076923e+00 1.153846e+00 1.230769e+00 1.307692e+00 1.384615e+00 1.461538e+00 1.538462e+00 
1.615385e+00 1.692308e+00 1.769231e+00 1.846154e+00 1.923077e+00 2.000000e+00 1.000000e+00 1.076923e+00 1.153846e+00 1.230769e+00 
1.307692e+00 1.384615e+00 1.461538e+00 1.538462e+00 1.615385e+00 1.692308e+00 1.769231e+00 1.846154e+00 1.923077e+00 2.000000e+00 
1.000000e+00 1.076923e+00 1.153846e+00 1.230769e+00 1.307692e+00 1.384615e+00 1.461538e+00 1.538462e+00 1.615385e+00 1.692308e+00 
1.769231e+00 1.846154e+00 1.923077e+00 2.000000e+00 1.000000e+00 1.076923e+00 1.153846e+00 1.230769e+00 1.307692e+00 1.384615e+00 
1.461538e+00 1.538462e+00 1.615385e+00 1.692308e+00 1.769231e+00 1.846154e+00 1.923077e+00 2.000000e+00 1.000000e+00 1.076923e+00 
1.153846e+00 1.230769e+00 1.307692e+00 1.384615e+00 1.461538e+00 1.538462e+00 1.615385e+00 1.692308e+00 1.769231e+00 1.846154e+00 
1.923077e+00 2.000000e+00 1.000000e+00 1.076923e+00 1.153846e+00 1.230769e+00 1.307692e+00 1.384615e+00 1.461538e+00 1.538462e+00 
1.615385e+00 1.692308e+00 1.769231e+00 1.846154e+00 1.923077e+00 2.000000e+00 1.000000e+00 1.076923e+00 1.153846e+00 1.230769e+00 
1.307692e+00 1.384615e+00 1.461538e+00 1.538462e+00 1.615385e+00 1.692308e+00 1.769231e+00 1.846154e+00 1.923077e+00 2.000000e+00 
1.000000e+00 1.076923e+00 1.153846e+00 1.230769e+00 1.307692e+00 1.384615e+00 1.461538e+00 1.538462e+00 1.615385e+00 1.692308e+00 
1.769231e+00 1.846154e+00 1.923077e+00 2.000000e+00 1.000000e+00 1.076923e+00 1.153846e+00 1.230769e+00 1.307692e+00 1.384615e+00 
1.461538e+00 1.538462e+00 1.615385e+00 1.692308e+00 1.769231e+00 1.846154e+00 1.923077e+00 2.000000e+00 1.000000e+00 1.076923e+00 
1.153846e+00 1.230769e+00 1.307692e+00 1.384615e+00 1.461538e+00 1.538462e+00 1.615385e+00 1.692308e+00 1.769231e+00 1.846154e+00 
1.923077e+00 2.000000e+00 1.000000e+00 1.076923e+00 1.153846e+00 1.230769e+00 1.307692e+00 1.384615e+00 1.461538e+00 1.538462e+00 
1.615385e+00 1.692308e+00 1.769231e+00 1.846154e+00 1.923077e+00 2.000000e+00 1.000000e+00 1.076923e+00 1.153846e+00 1.230769e+00 
1.307692e+00 1.384615e+00 1.461538e+00 1.538462e+00 1.615385e+00 1.692308e+00 1.769231e+00 1.846154e+00 1.923077e+00 2.000000e+00 
1.000000e+00 1.076923e+00 1.153846e+00 1.230769e+00 1.307692e+00 1.384615e+00 1.461538e+00 1.538462e+00 1.615385e+00 1.692308e+00 
1.769231e+00 1.846154e+00 1.923077e+00 2.000000e+00 1.000000e+00 1.076923e+00 1.153846e+00 1.230769e+00 1.307692e+00 1.384615e+00 
1.461538e+00 1.538462e+00 1.615385e+00 1.692308e+00 1.769231e+00 1.846154e+00 1.923077e+00 2.000000e+00 1.000000e+00 1.076923e+00 
1.153846e+00 1.230769e+00 1.307692e+00 1.384615e+00 1.461538e+00 1.538462e+00 1.615385e+00 1.692308e+00 1.769231e+00 1.846154e+00 
1.923077e+00 2.000000e+00 1.000000e+00 1.076923e+00 1.153846e+00 1.230769e+00 1.307692e+00 1.384615e+00 1.461538e+00 1.538462e+00 
1.615385e+00 1.692308e+00 1.769231e+00 1.846154e+00 1.923077e+00 2.000000e+00 1.000000e+00 1.076923e+00 1.153846e+00 1.230769e+00 
1.307692e+00 1.384615e+00 1.461538e+00 1.538462e+00 1.615385e+00 1.692308e+00 1.769231e+00 1.846154e+00 1.923077e+00 2.000000e+00 
1.000000e+00 1.076923e+00 1.153846e+00 1.230769e+00 1.307692e+00 1.384615e+00 1.461538e+00 1.538462e+00 1.615385e+00 1.692308e+00 
1.769231e+00 1.846154e+00 1.923077e+00 2.000000e+00 1.000000e+00 1.076923e+00 1.153846e+00 1.230769e+00 1.307692e+00 1.384615e+00 
1.461538e+00 1.538462e+00 1.615385e+00 1.692308e+00 1.769231e+00 1.846154e+00 1.923077e+00 2.000000e+00 1.000000e+00 1.076923e+00 
1.153846e+00 1.230769e+00 1.307692e+00 1.384615e+00 1.461538e+00 1.538462e+00 1.615385e+00 1.692308e+00 1.769231e+00 1.846154e+00 
1.923077e+00 2.000000e+00 1.000000e+00 1.076923e+00 1.153846e+00 1.230769e+00 1.307692e+00 1.384615e+00 1.461538e+00 1.538462e+00 
1.615385e+00 1.692308e+00 1.769231e+00 1.846154e+00 1.923077e+00 2.000000e+00 0.000000e+00 7.692308e-02 1.538462e-01 2.307692e-01 
3.076923e-01 3.846154e-01 4.615385e-01 5.384615e-01 6.153846e-01 6.923077e-01 7.692308e-01 8.461538e-01 9.230769e-01 1.000000e+00 
0.000000e+00 7.692308e-02 1.538462e-01 2.307692e-01 3.076923e-01 3.846154e-01 4.615385e-01 5.384615e-01 6.153846e-01 6.923077e-01 
7.692308e-01 8.461538e-01 9.230769e-01 1.000000e+00 0.000000e+00 7.692308e-02 1.538462e-01 2.307692e-01 3.076923e-01 3.846154e-01 
4.615385e-01 5.384615e-01 6.153846e-01 6.923077e-01 7.692308e-01 8.461538e-01 9.230769e-01 1.000000e+00 0.000000e+00 7.692308e-02 
1.538462e-01 2.307692e-01 3.076923e-01 3.846154e-01 4.615385e-01 5.384615e-01 6.153846e-01 6.923077e-01 7.692308e-01 8.461538e-01 
9.230769e-01 1.000000e+00 0.000000e+00 7.692308e-02 1.538462e-01 2.307692e-01 3.076923e-01 3.846154e-01 4.615385e-01 5.384615e-01 
6.153846e-01 6.923077e-01 7.692308e-01 8.461538e-01 9.230769e-01 1.000000e+00 0.000000e+00 7.692308e-02 1.538462e-01 2.307692e-01 
3.076923e-01 3.846154e-01 4.615385e-01 5.384615e-01 6.153846e-01 6.923077e-01 7.692308e-01 8.461538e-01 9.230769e-01 1.000000e+00 
0.000000e+00 7.692308e-02 1.538462e-01 2.307692e-01 3.076923e-01 3.846154e-01 4.615385e-01 5.384615e-01 6.153846e-01 6.923077e-01 
7.692308e-01 8.461538e-01 9.230769e-01 1.000000e+00 0.000000e+00 7.692308e-02 1.538462e-01 2.307692e-01 3.076923e-01 3.846154e-01 
4.615385e-01 5.384615e-01 6.153846e-01 6.923077e-01 7.692308e-01 8.461538e-01 9.230769e-01 1.000000e+00 0.000000e+00 7.692308e-02 
1.538462e-01 2.307692e-01 3.076923e-01 3.846154e-01 4.615385e-01 5.384615e-01 6.153846e-01 6.923077e-01 7.692308e-01 8.461538e-01 
9.230769e-01 1.000000e+00 0.000000e+00 7.692308e-02 1.538462e-01 2.307692e-01 3.076923e-01 3.846154e-01 4.615385e-01 5.384615e-01 
6.153846e-01 6.923077e-01 7.692308e-01 8.461538e-01 9.230769e-01 1.000000e+00 0.000000e+00 7.692308e-02 1.538462e-01 2.307692e-01 
3.076923e-01 3.846154e-01 4.615385e-01 5.384615e-01 6.153846e-01 6.923077e-01 7.692308e-01 8.461538e-01 9.230769e-01 1.000000e+00 
0.000000e+00 7.692308e-02 1.538462e-01 2.307692e-01 3.076923e-01 3.846154e-01 4.615385e-01 5.384615e-01 6.153846e-01 6.923077e-01 
7.692308e-01 8.461538e-01 9.230769e-01 1.000000e+00 0.000000e+00 7.692308e-02 1.538462e-01 2.307692e-01 3.076923e-01 3.846154e-01 
4.615385e-01 5.384615e-01 6.153846e-01 6.923077e-01 7.692308e-01 8.461538e-01 9.230769e-01 1.000000e+00 0.000000e+00 7.692308e-02 
1.538462e-01 2.307692e-01 3.076923e-01 3.846154e-01 4.615385e-01 5.384615e-01 6.153846e-01 6.923077e-01 7.692308e-01 8.461538e-01 
9.230769e-01 1.000000e+00 0.000000e+00 7.692308e-02 1.538462e-01 2.307692e-01 3.076923e-01 3.846154e-01 4.615385e-01 5.384615e-01 
6.153846e-01 6.923077e-01 7.692308e-01 8.461538e-01 9.230769e-01 1.000000e+00 0.000000e+00 7.692308e-02 1.538462e-01 2.307692e-01 
3.076923e-01 3.846154e-01 4.615385e-01 5.384615e-01 6.153846e-01 6.923077e-01 7.692308e-01 8.461538e-01 9.230769e-01 1.000000e+00 
0.000000e+00 7.692308e-02 1.538462e-01 2.307692e-01 3.076923e-01 3.846154e-01 4.615385e-01 5.384615e-01 6.153846e-01 6.923077e-01 
7.692308e-01 8.461538e-01 9.230769e-01 1.000000e+00 0.000000e+00 7.692308e-02 1.538462e-01 2.307692e-01 3.076923e-01 3.846154e-01 
4.615385e-01 5.384615e-01 6.153846e-01 6.923077e-01 7.692308e-01 8.461538e-01 9.230769e-01 1.000000e+00 0.000000e+00 7.692308e-02 
1.538462e-01 2.307692e-01 3.076923e-01 3.846154e-01 4.615385e-01 5.384615e-01 6.153846e-01 6.923077e-01 7.692308e-01 8.461538e-01 
9.230769e-01 1.000000e+00 0.000000e+00 7.692308e-02 1.538462e-01 2.307692e-01 3.076923e-01 3.846154e-01 4.615385e-01 5.384615e-01 
6.153846e-01 6.923077e-01 7.692308e-01 8.461538e-01 9.230769e-01 1.000000e+00 0.000000e+00 7.692308e-02 1.538462e-01 2.307692e-01 
3.076923e-01 3.846154e-01 4.615385e-01 5.384615e-01 6.153846e-01 6.923077e-01 7.692308e-01 8.461538e-01 9.230769e-01 1.000000e+00 
0.000000e+00 7.692308e-02 1.538462e-01 2.307692e-01 3.076923e-01 3.846154e-01 4.615385e-01 5.384615e-01 6.153846e-01 6.923077e-01 
7.692308e-01 8.461538e-01 9.230769e-01 1.000000e+00 0.000000e+00 7.692308e-02 1.538462e-01 2.307692e-01 3.076923e-01 3.846154e-01 
4.615385e-01 5.384615e-01 6.153846e-01 6.923077e-01 7.692308e-01 8.461538e-01 9.230769e-01 1.000000e+00 0.000000e+00 7.692308e-02 
1.538462e-01 2.307692e-01 3.076923e-01 3.846154e-01 4.615385e-01 5.384615e-01 6.153846e-01 6.923077e-01 7.692308e-01 8.461538e-01 
9.230769e-01 1.000000e+00 )
(y
1.000000e+00 1.000000e+00 1.000000e+00 1.000000e+00 1.000000e+00 1.000000e+00 1.000000e+00 1.000000e+00 1.000000e+00 1.000000e+00 
1.000000e+00 1.000000e+00 1.000000e+00 1.000000e+00 1.090909e+00 1.090909e+00 1.090909e+00 1.090909e+00 1.090909e+00 1.090909e+00 
1.090909e+00 1.090909e+00 1.090909e+00 1.090909e+00 1.090909e+00 1.090909e+00 1.090909e+00 1.090909e+00 1.181818e+00 1.181818e+00 
1.181818e+00 1.181818e+00 1.181818e+00 1.181818e+00 1.181818e+00 1.181818e+00 1.181818e+00 1.181818e+00 1.181818e+00 1.181818e+00 
1.181818e+00 1.181818e+00 1.272727e+00 1.272727e+00 1.272727e+00 1.272727e+00 1.272727e+00 1.272727e+00 1.272727e+00 1.272727e+00 
1.272727e+00 1.272727e+00 1.272727e+00 1.272727e+00 1.272727e+00 1.272727e+00 1.363636e+00 1.363636e+00 1.363636e+00 1.363636e+00 
1.363636e+00 1.363636e+00 1.363636e+00 1.363636e+00 1.363636e+00 1.363636e+00 1.363636e+00 1.363636e+00 1.363636e+00 1.363636e+00 
1.454545e+00 1.454545e+00 1.454545e+00 1.454545e+00 1.454545e+00 1.454545e+00 1.454545e+00 1.454545e+00 1.454545e+00 1.454545e+00 
1.454545e+00 1.454545e+00 1.454545e+00 1.454545e+00 1.545455e+00 1.545455e+00 1.545455e+00 1.545455e+00 1.545455e+00 1.545455e+00 
1.545455e+00 1.545455e+00 1.545455e+00 1.545455e+00 1.545455e+00 1.545455e+00 1.545455e+00 1.545455e+00 1.636364e+00 1.636364e+00 
1.636364e+00 1.636364e+00 1.636364e+00 1.636364e+00 1.636364e+00 1.636364e+00 1.636364e+00 1.636364e+00 1.636364e+00 1.636364e+00 
1.636364e+00 1.636364e+00 1.727273e+00 1.727273e+00 1.727273e+00 1.727273e+00 1.727273e+00 1.727273e+00 1.727273e+00 1.727273e+00 
1.727273e+00 1.727273e+00 1.727273e+00 1.727273e+00 1.727273e+00 1.727273e+00 1.818182e+00 1.818182e+00 1.818182e+00 1.818182e+00 
1.818182e+00 1.818182e+00 1.818182e+00 1.818182e+00 1.818182e+00 1.818182e+00 1.818182e+00 1.818182e+00 1.818182e+00 1.818182e+00 
1.909091e+00 1.909091e+00 1.909091e+00 1.909091e+00 1.909091e+00 1.909091e+00 1.909091e+00 1.909091e+00 1.909091e+00 1.909091e+00 
1.909091e+00 1.909091e+00 1.909091e+00 1.909091e+00 2.000000e+00 2.000000e+00 2.000000e+00 2.000000e+00 2.000000e+00 2.000000e+00 
2.000000e+00 2.000000e+00 2.000000e+00 2.000000e+00 2.000000e+00 2.000000e+00 2.000000e+00 2.000000e+00 0.000000e+00 0.000000e+00 
0.000000e+00 0.000000e+00 0.000000e+00 0.000000e+00 0.000000e+00 0.000000e+00 0.000000e+00 0.000000e+00 0.000000e+00 0.000000e+00 
0.000000e+00 0.000000e+00 9.090909e-02 9.090909e-02 9.090909e-02 9.090909e-02 9.090909e-02 9.090909e-02 9.090909e-02 9.090909e-02 
9.090909e-02 9.090909e-02 9.090909e-02 9.090909e-02 9.090909e-02 9.090909e-02 1.818182e-01 1.818182e-01 1.818182e-01 1.818182e-01 
1.818182e-01 1.818182e-01 1.818182e-01 1.818182e-01 1.818182e-01 1.818182e-01 1.818182e-01 1.818182e-01 1.818182e-01 1.818182e-01 
2.727273e-01 2.727273e-01 2.727273e-01 2.727273e-01 2.727273e-01 2.727273e-01 2.727273e-01 2.727273e-01 2.727273e-01 2.727273e-01 
2.727273e-01 2.727273e-01 2.727273e-01 2.727273e-01 3.636364e-01 3.636364e-01 3.636364e-01 3.636364e-01 3.636364e-01 3.636364e-01 
3.636364e-01 3.636364e-01 3.636364e-01 3.636364e-01 3.636364e-01 3.636364e-01 3.636364e-01 3.636364e-01 4.545455e-01 4.545455e-01 
4.545455e-01 4.545455e-01 4.545455e-01 4.545455e-01 4.545455e-01 4.545455e-01 4.545455e-01 4.545455e-01 4.545455e-01 4.545455e-01 
4.545455e-01 4.545455e-01 5.454545e-01 5.454545e-01 5.454545e-01 5.454545e-01 5.454545e-01 5.454545e-01 5.454545e-01 5.454545e-01 
5.454545e-01 5.454545e-01 5.454545e-01 5.454545e-01 5.454545e-01 5.454545e-01 6.363636e-01 6.363636e-01 6.363636e-01 6.363636e-01 
6.363636e-01 6.363636e-01 6.363636e-01 6.363636e-01 6.363636e-01 6.363636e-01 6.363636e-01 6.363636e-01 6.363636e-01 6.363636e-01 
7.272727e-01 7.272727e-01 7.272727e-01 7.272727e-01 7.272727e-01 7.272727e-01 7.272727e-01 7.272727e-01 7.272727e-01 7.272727e-01 
7.272727e-01 7.272727e-01 7.272727e-01 7.272727e-01 8.181818e-01 8.181818e-01 8.181818e-01 8.181818e-01 8.181818e-01 8.181818e-01 
8.181818e-01 8.181818e-01 8.181818e-01 8.181818e-01 8.181818e-01 8.181818e-01 8.181818e-01 8.181818e-01 9.090909e-01 9.090909e-01 
9.090909e-01 9.090909e-01 9.090909e-01 9.090909e-01 9.090909e-01 9.090909e-01 9.090909e-01 9.090909e-01 9.090909e-01 9.090909e-01 
9.090909e-01 9.090909e-01 1.000000e+00 1.000000e+00 1.000000e+00 1.000000e+00 1.000000e+00 1.000000e+00 1.000000e+00 1.000000e+00 
1.000000e+00 1.000000e+00 1.000000e+00 1.000000e+00 1.000000e+00 1.000000e+00 1.000000e+00 1.000000e+00 1.000000e+00 1.000000e+00 
1.000000e+00 1.000000e+00 1.000000e+00 1.000000e+00 1.000000e+00 1.000000e+00 1.000000e+00 1.000000e+00 1.000000e+00 1.000000e+00 
1.090909e+00 1.090909e+00 1.090909e+00 1.090909e+00 1.090909e+00 1.090909e+00 1.090909e+00 1.090909e+00 1.090909e+00 1.090909e+00 
1.090909e+00 1.090909e+00 1.090909e+00 1.090909e+00 1.181818e+00 1.181818e+00 1.181818e+00 1.181818e+00 1.181818e+00 1.181818e+00 
1.181818e+00 1.181818e+00 1.181818e+00 1.181818e+00 1.181818e+00 1.181818e+00 1.181818e+00 1.181818e+00 1.272727e+00 1.272727e+00 
1.272727e+00 1.272727e+00 1.272727e+00 1.272727e+00 1.272727e+00 1.272727e+00 1.272727e+00 1.272727e+00 1.272727e+00 1.272727e+00 
1.272727e+00 1.272727e+00 1.363636e+00 1.363636e+00 1.363636e+00 1.363636e+00 1.363636e+00 1.363636e+00 1.363636e+00 1.363636e+00 
1.363636e+00 1.363636e+00 1.363636e+00 1.363636e+00 1.363636e+00 1.363636e+00 1.454545e+00 1.454545e+00 1.454545e+00 1.454545e+00 
1.454545e+00 1.454545e+00 1.454545e+00 1.454545e+00 1.454545e+00 1.454545e+00 1.454545e+00 1.454545e+00 1.454545e+00 1.454545e+00 
1.545455e+00 1.545455e+00 1.545455e+00 1.545455e+00 1.545455e+00 1.545455e+00 1.545455e+00 1.545455e+00 1.545455e+00 1.545455e+00 
1.545455e+00 1.545455e+00 1.545455e+00 1.545455e+00 1.636364e+00 1.636364e+00 1.636364e+00 1.636364e+00 1.636364e+00 1.636364e+00 
1.636364e+00 1.636364e+00 1.636364e+00 1.636364e+00 1.636364e+00 1.636364e+00 1.636364e+00 1.636364e+00 1.727273e+00 1.727273e+00 
1.727273e+00 1.727273e+00 1.727273e+00 1.727273e+00 1.727273e+00 1.727273e+00 1.727273e+00 1.727273e+00 1.727273e+00 1.727273e+00 
1.727273e+00 1.727273e+00 1.818182e+00 1.818182e+00 1.818182e+00 1.818182e+00 1.818182e+00 1.818182e+00 1.818182e+00 1.818182e+00 
1.818182e+00 1.818182e+00 1.818182e+00 1.818182e+00 1.818182e+00 1.818182e+00 1.909091e+00 1.909091e+00 1.909091e+00 1.909091e+00 
1.909091e+00 1.909091e+00 1.909091e+00 1.909091e+00 1.909091e+00 1.909091e+00 1.909091e+00 1.909091e+00 1.909091e+00 1.909091e+00 
2.000000e+00 2.000000e+00 2.000000e+00 2.000000e+00 2.000000e+00 2.000000e+00 2.000000e+00 2.000000e+00 2.000000e+00 2.000000e+00 
2.000000e+00 2.000000e+00 2.000000e+00 2.000000e+00 0.000000e+00 0.000000e+00 0.000000e+00 0.000000e+00 0.000000e+00 0.000000e+00 
0.000000e+00 0.000000e+00 0.000000e+00 0.000000e+00 0.000000e+00 0.000000e+00 0.000000e+00 0.000000e+00 9.090909e-02 9.090909e-02 
9.090909e-02 9.090909e-02 9.090909e-02 9.090909e-02 9.090909e-02 9.090909e-02 9.090909e-02 9.090909e-02 9.090909e-02 9.090909e-02 
9.090909e-02 9.090909e-02 1.818182e-01 1.818182e-01 1.818182e-01 1.818182e-01 1.818182e-01 1.818182e-01 1.818182e-01 1.818182e-01 
1.818182e-01 1.818182e-01 1.818182e-01 1.818182e-01 1.818182e-01 1.818182e-01 2.727273e-01 2.727273e-01 2.727273e-01 2.727273e-01 
2.727273e-01 2.727273e-01 2.727273e-01 2.727273e-01 2.727273e-01 2.727273e-01 2.727273e-01 2.727273e-01 2.727273e-01 2.727273e-01 
3.636364e-01 3.636364e-01 3.636364e-01 3.636364e-01 3.636364e-01 3.636364e-01 3.636364e-01 3.636364e-01 3.636364e-01 3.636364e-01 
3.636364e-01 3.636364e-01 3.636364e-01 3.636364e-01 4.545455e-01 4.545455e-01 4.545455e-01 4.545455e-01 4.545455e-01 4.545455e-01 
4.545455e-01 4.545455e-01 4.545455e-01 4.545455e-01 4.545455e-01 4.545455e-01 4.545455e-01 4.545455e-01 5.454545e-01 5.454545e-01 
5.454545e-01 5.454545e-01 5.454545e-01 5.454545e-01 5.454545e-01 5.454545e-01 5.454545e-01 5.454545e-01 5.454545e-01 5.454545e-01 
5.454545e-01 5.454545e-01 6.363636e-01 6.363636e-01 6.363636e-01 6.363636e-01 6.363636e-01 6.363636e-01 6.363636e-01 6.363636e-01 
6.363636e-01 6.363636e-01 6.363636e-01 6.363636e-01 6.363636e-01 6.363636e-01 7.272727e-01 7.272727e-01 7.272727e-01 7.272727e-01 
7.272727e-01 7.272727e-01 7.272727e-01 7.272727e-01 7.272727e-01 7.272727e-01 7.272727e-01 7.272727e-01 7.272727e-01 7.272727e-01 
8.181818e-01 8.181818e-01 8.181818e-01 8.181818e-01 8.181818e-01 8.181818e-01 8.181818e-01 8.181818e-01 8.181818e-01 8.181818e-01 
8.181818e-01 8.181818e-01 8.181818e-01 8.181818e-01 9.090909e-01 9.090909e-01 9.090909e-01 9.090909e-01 9.090909e-01 9.090909e-01 
9.090909e-01 9.090909e-01 9.090909e-01 9.090909e-01 9.090909e-01 9.090909e-01 9.090909e-01 9.090909e-01 1.000000e+00 1.000000e+00 
1.000000e+00 1.000000e+00 1.000000e+00 1.000000e+00 1.000000e+00 1.000000e+00 1.000000e+00 1.000000e+00 1.000000e+00 1.000000e+00 
1.000000e+00 1.000000e+00 )
(z
0.000000e+00 0.000000e+00 0.000000e+00 0.000000e+00 0.000000e+00 0.000000e+00 0.000000e+00 0.000000e+00 0.000000e+00 0.000000e+00 
0.000000e+00 0.000000e+00 0.000000e+00 0.000000e+00 0.000000e+00 0.000000e+00 0.000000e+00 0.000000e+00 0.000000e+00 0.000000e+00 
0.000000e+00 0.000000e+00 0.000000e+00 0.000000e+00 0.000000e+00 0.000000e+00 0.000000e+00 0.000000e+00 0.000000e+00 0.000000e+00 
0.000000e+00 0.000000e+00 0.000000e+00 0.000000e+00 0.000000e+00 0.000000e+00 0.000000e+00 0.000000e+00 0.000000e+00 0.000000e+00 
0.000000e+00 0.000000e+00 0.000000e+00 0.000000e+00 0.000000e+00 0.000000e+00 0.000000e+00 0.000000e+00 0.000000e+00 0.000000e+00 
0.000000e+00 0.000000e+00 0.000000e+00 0.000000e+00 0.000000e+00 0.000000e+00 0.000000e+00 0.000000e+00 0.000000e+00 0.000000e+00 
0.000000e+00 0.000000e+00 0.000000e+00 0.000000e+00 0.000000e+00 0.000000e+00 0.000000e+00 0.000000e+00 0.000000e+00 0.000000e+00 
0.000000e+00 0.000000e+00 0.000000e+00 0.000000e+00 0.000000e+00 0.000000e+00 0.000000e+00 0.000000e+00 0.000000e+00 0.000000e+00 
0.000000e+00 0.000000e+00 0.000000e+00 0.000000e+00 0.000000e+00 0.000000e+00 0.000000e+00 0.000000e+00 0.000000e+00 0.000000e+00 
0.000000e+00 0.000000e+00 0.000000e+00 0.000000e+00 0.000000e+00 0.000000e+00 0.000000e+00 0.000000e+00 0.000000e+00 0.000000e+00 
0.000000e+00 0.000000e+00 0.000000e+00 0.000000e+00 0.000000e+00 0.000000e+00 0.000000e+00 0.000000e+00 0.000000e+00 0.000000e+00 
0.000000e+00 0.000000e+00 0.000000e+00 0.000000e+00 0.000000e+00 0.000000e+00 0.000000e+00 0.000000e+00 0.000000e+00 0.000000e+00 
0.000000e+00 0.000000e+00 0.000000e+00 0.000000e+00 0.000000e+00 0.000000e+00 0.000000e+00 0.000000e+00 0.000000e+00 0.000000e+00 
0.000000e+00 0.000000e+00 0.000000e+00 0.000000e+00 0.000000e+00 0.000000e+00 0.000000e+00 0.000000e+00 0.000000e+00 0.000000e+00 
0.000000e+00 0.000000e+00 0.000000e+00 0.000000e+00 0.000000e+00 0.000000e+00 0.000000e+00 0.000000e+00 0.000000e+00 0.000000e+00 
0.000000e+00 0.000000e+00 0.000000e+00 0.000000e+00 0.000000e+00 0.000000e+00 0.000000e+00 0.000000e+00 0.000000e+00 0.000000e+00 
0.000000e+00 0.000000e+00 0.000000e+00 0.000000e+00 0.000000e+00 0.000000e+00 0.000000e+00 0.000000e+00 0.000000e+00 0.000000e+00 
0.000000e+00 0.000000e+00 0.000000e+00 0.000000e+00 0.000000e+00 0.000000e+00 0.000000e+00 0.000000e+00 0.000000e+00 0.000000e+00 
0.000000e+00 0.000000e+00 0.000000e+00 0.000000e+00 0.000000e+00 0.000000e+00 0.000000e+00 0.000000e+00 0.000000e+00 0.000000e+00 
0.000000e+00 0.000000e+00 0.000000e+00 0.000000e+00 0.000000e+00 0.000000e+00 0.000000e+00 0.000000e+00 0.000000e+00 0.000000e+00 
0.000000e+00 0.000000e+00 0.000000e+00 0.000000e+00 0.000000e+00 0.000000e+00 0.000000e+00 0.000000e+00 0.000000e+00 0.000000e+00 
0.000000e+00 0.000000e+00 0.000000e+00 0.000000e+00 0.000000e+00 0.000000e+00 0.000000e+00 0.000000e+00 0.000000e+00 0.000000e+00 
0.000000e+00 0.000000e+00 0.000000e+00 0.000000e+00 0.000000e+00 0.000000e+00 0.000000e+00 0.000000e+00 0.000000e+00 0.000000e+00 
0.000000e+00 0.000000e+00 0.000000e+00 0.000000e+00 0.000000e+00 0.000000e+00 0.000000e+00 0.000000e+00 0.000000e+00 0.000000e+00 
0.000000e+00 0.000000e+00 0.000000e+00 0.000000e+00 0.000000e+00 0.000000e+00 0.000000e+00 0.000000e+00 0.000000e+00 0.000000e+00 
0.000000e+00 0.000000e+00 0.000000e+00 0.000000e+00 0.000000e+00 0.000000e+00 0.000000e+00 0.000000e+00 0.000000e+00 0.000000e+00 
0.000000e+00 0.000000e+00 0.000000e+00 0.000000e+00 0.000000e+00 0.000000e+00 0.000000e+00 0.000000e+00 0.000000e+00 0.000000e+00 
0.000000e+00 0.000000e+00 0.000000e+00 0.000000e+00 0.000000e+00 0.000000e+00 0.000000e+00 0.000000e+00 0.000000e+00 0.000000e+00 
0.000000e+00 0.000000e+00 0.000000e+00 0.000000e+00 0.000000e+00 0.000000e+00 0.000000e+00 0.000000e+00 0.000000e+00 0.000000e+00 
0.000000e+00 0.000000e+00 0.000000e+00 0.000000e+00 0.000000e+00 0.000000e+00 0.000000e+00 0.000000e+00 0.000000e+00 0.000000e+00 
0.000000e+00 0.000000e+00 0.000000e+00 0.000000e+00 0.000000e+00 0.000000e+00 0.000000e+00 0.000000e+00 0.000000e+00 0.000000e+00 
0.000000e+00 0.000000e+00 0.000000e+00 0.000000e+00 0.000000e+00 0.000000e+00 0.000000e+00 0.000000e+00 0.000000e+00 0.000000e+00 
0.000000e+00 0.000000e+00 0.000000e+00 0.000000e+00 0.000000e+00 0.000000e+00 0.000000e+00 0.000000e+00 0.000000e+00 0.000000e+00 
0.000000e+00 0.000000e+00 0.000000e+00 0.000000e+00 0.000000e+00 0.000000e+00 0.000000e+00 0.000000e+00 0.000000e+00 0.000000e+00 
0.000000e+00 0.000000e+00 0.000000e+00 0.000000e+00 0.000000e+00 0.000000e+00 0.000000e+00 0.000000e+00 0.000000e+00 0.000000e+00 
0.000000e+00 0.000000e+00 0.000000e+00 0.000000e+00 0.000000e+00 0.000000e+00 0.000000e+00 0.000000e+00 0.000000e+00 0.000000e+00 
0.000000e+00 0.000000e+00 0.000000e+00 0.000000e+00 0.000000e+00 0.000000e+00 0.000000e+00 0.000000e+00 0.000000e+00 0.000000e+00 
0.000000e+00 0.000000e+00 0.000000e+00 0.000000e+00 0.000000e+00 0.000000e+00 0.000000e+00 0.000000e+00 0.000000e+00 0.000000e+00 
0.000000e+00 0.000000e+00 0.000000e+00 0.000000e+00 0.000000e+00 0.000000e+00 0.000000e+00 0.000000e+00 0.000000e+00 0.000000e+00 
0.000000e+00 0.000000e+00 0.000000e+00 0.000000e+00 0.000000e+00 0.000000e+00 0.000000e+00 0.000000e+00 0.000000e+00 0.000000e+00 
0.000000e+00 0.000000e+00 0.000000e+00 0.000000e+00 0.000000e+00 0.000000e+00 0.000000e+00 0.000000e+00 0.000000e+00 0.000000e+00 
0.000000e+00 0.000000e+00 0.000000e+00 0.000000e+00 0.000000e+00 0.000000e+00 0.000000e+00 0.000000e+00 0.000000e+00 0.000000e+00 
0.000000e+00 0.000000e+00 0.000000e+00 0.000000e+00 0.000000e+00 0.000000e+00 0.000000e+00 0.000000e+00 0.000000e+00 0.000000e+00 
0.000000e+00 0.000000e+00 0.000000e+00 0.000000e+00 0.000000e+00 0.000000e+00 0.000000e+00 0.000000e+00 0.000000e+00 0.000000e+00 
0.000000e+00 0.000000e+00 0.000000e+00 0.000000e+00 0.000000e+00 0.000000e+00 0.000000e+00 0.000000e+00 0.000000e+00 0.000000e+00 
0.000000e+00 0.000000e+00 0.000000e+00 0.000000e+00 0.000000e+00 0.000000e+00 0.000000e+00 0.000000e+00 0.000000e+00 0.000000e+00 
0.000000e+00 0.000000e+00 0.000000e+00 0.000000e+00 0.000000e+00 0.000000e+00 0.000000e+00 0.000000e+00 0.000000e+00 0.000000e+00 
0.000000e+00 0.000000e+00 0.000000e+00 0.000000e+00 0.000000e+00 0.000000e+00 0.000000e+00 0.000000e+00 0.000000e+00 0.000000e+00 
0.000000e+00 0.000000e+00 0.000000e+00 0.000000e+00 0.000000e+00 0.000000e+00 0.000000e+00 0.000000e+00 0.000000e+00 0.000000e+00 
0.000000e+00 0.000000e+00 0.000000e+00 0.000000e+00 0.000000e+00 0.000000e+00 0.000000e+00 0.000000e+00 0.000000e+00 0.000000e+00 
0.000000e+00 0.000000e+00 0.000000e+00 0.000000e+00 0.000000e+00 0.000000e+00 0.000000e+00 0.000000e+00 0.000000e+00 0.000000e+00 
0.000000e+00 0.000000e+00 0.000000e+00 0.000000e+00 0.000000e+00 0.000000e+00 0.000000e+00 0.000000e+00 0.000000e+00 0.000000e+00 
0.000000e+00 0.000000e+00 0.000000e+00 0.000000e+00 0.000000e+00 0.000000e+00 0.000000e+00 0.000000e+00 0.000000e+00 0.000000e+00 
0.000000e+00 0.000000e+00 0.000000e+00 0.000000e+00 0.000000e+00 0.000000e+00 0.000000e+00 0.000000e+00 0.000000e+00 0.000000e+00 
0.000000e+00 0.000000e+00 0.000000e+00 0.000000e+00 0.000000e+00 0.000000e+00 0.000000e+00 0.000000e+00 0.000000e+00 0.000000e+00 
0.000000e+00 0.000000e+00 0.000000e+00 0.000000e+00 0.000000e+00 0.000000e+00 0.000000e+00 0.000000e+00 0.000000e+00 0.000000e+00 
0.000000e+00 0.000000e+00 0.000000e+00 0.000000e+00 0.000000e+00 0.000000e+00 0.000000e+00 0.000000e+00 0.000000e+00 0.000000e+00 
0.000000e+00 0.000000e+00 0.000000e+00 0.000000e+00 0.000000e+00 0.000000e+00 0.000000e+00 0.000000e+00 0.000000e+00 0.000000e+00 
0.000000e+00 0.000000e+00 0.000000e+00 0.000000e+00 0.000000e+00 0.000000e+00 0.000000e+00 0.000000e+00 0.000000e+00 0.000000e+00 
0.000000e+00 0.000000e+00 0.000000e+00 0.000000e+00 0.000000e+00 0.000000e+00 0.000000e+00 0.000000e+00 0.000000e+00 0.000000e+00 
0.000000e+00 0.000000e+00 0.000000e+00 0.000000e+00 0.000000e+00 0.000000e+00 0.000000e+00 0.000000e+00 0.000000e+00 0.000000e+00 
0.000000e+00 0.000000e+00 0.000000e+00 0.000000e+00 0.000000e+00 0.000000e+00 0.000000e+00 0.000000e+00 0.000000e+00 0.000000e+00 
0.000000e+00 0.000000e+00 0.000000e+00 0.000000e+00 0.000000e+00 0.000000e+00 0.000000e+00 0.000000e+00 0.000000e+00 0.000000e+00 
0.000000e+00 0.000000e+00 0.000000e+00 0.000000e+00 0.000000e+00 0.000000e+00 0.000000e+00 0.000000e+00 0.000000e+00 0.000000e+00 
0.000000e+00 0.000000e+00 0.000000e+00 0.000000e+00 0.000000e+00 0.000000e+00 0.000000e+00 0.000000e+00 0.000000e+00 0.000000e+00 
0.000000e+00 0.000000e+00 0.000000e+00 0.000000e+00 0.000000e+00 0.000000e+00 0.000000e+00 0.000000e+00 0.000000e+00 0.000000e+00 
0.000000e+00 0.000000e+00 0.000000e+00 0.000000e+00 0.000000e+00 0.000000e+00 0.000000e+00 0.000000e+00 0.000000e+00 0.000000e+00 
0.000000e+00 0.000000e+00 )
(w
6.691100e+00 6.727996e+00 6.776359e+00 6.835736e+00 6.904872e+00 6.983297e+00 7.069632e+00 7.162847e+00 7.261275e+00 7.363049e+00 
7.465765e+00 7.566467e+00 7.661556e+00 7.746763e+00 7.829584e+00 7.861557e+00 7.904638e+00 7.958585e+00 8.021959e+00 8.094436e+00 
8.174662e+00 8.261743e+00 8.354211e+00 8.450483e+00 8.548559e+00 8.646023e+00 8.739990e+00 8.827019e+00 9.128982e+00 9.156252e+00 
9.194126e+00 9.242676e+00 9.300280e+00 9.366791e+00 9.440944e+00 9.522033e+00 9.608876e+00 9.700275e+00 9.794757e+00 9.890622e+00 
9.985987e+00 1.007884e+01 1.059897e+01 1.062185e+01 1.065468e+01 1.069791e+01 1.074977e+01 1.081030e+01 1.087840e+01 1.095358e+01 
1.103505e+01 1.112213e+01 1.121404e+01 1.131001e+01 1.140933e+01 1.151141e+01 1.224702e+01 1.226592e+01 1.229392e+01 1.233193e+01 
1.237807e+01 1.243257e+01 1.249451e+01 1.256369e+01 1.263972e+01 1.272247e+01 1.281192e+01 1.290839e+01 1.301261e+01 1.312589e+01 
1.407765e+01 1.409301e+01 1.411644e+01 1.414932e+01 1.418976e+01 1.423808e+01 1.429366e+01 1.435654e+01 1.442681e+01 1.450492e+01 
1.459168e+01 1.468851e+01 1.479754e+01 1.492193e+01 1.609164e+01 1.610391e+01 1.612306e+01 1.615089e+01 1.618555e+01 1.622746e+01 
1.627625e+01 1.633219e+01 1.639577e+01 1.646797e+01 1.655040e+01 1.664556e+01 1.675715e+01 1.689033e+01 1.828526e+01 1.829487e+01 
1.831005e+01 1.833287e+01 1.836165e+01 1.839683e+01 1.843827e+01 1.848644e+01 1.854217e+01 1.860688e+01 1.868276e+01 1.877322e+01 
1.888317e+01 1.901962e+01 2.064969e+01 2.065700e+01 2.066847e+01 2.068631e+01 2.070902e+01 2.073705e+01 2.077040e+01 2.080963e+01 
2.085573e+01 2.091034e+01 2.097607e+01 2.105690e+01 2.115871e+01 2.129005e+01 2.317041e+01 2.317572e+01 2.318370e+01 2.319654e+01 
2.321301e+01 2.323350e+01 2.325807e+01 2.328727e+01 2.332206e+01 2.336401e+01 2.341568e+01 2.348101e+01 2.356614e+01 2.368058e+01 
2.582695e+01 2.583045e+01 2.583510e+01 2.584290e+01 2.585292e+01 2.586545e+01 2.588054e+01 2.589856e+01 2.592019e+01 2.594660e+01 
2.597979e+01 2.602294e+01 2.608117e+01 2.616331e+01 2.859282e+01 2.859458e+01 2.859596e+01 2.859868e+01 2.860213e+01 2.860648e+01 
2.861173e+01 2.861798e+01 2.862542e+01 2.863446e+01 2.864590e+01 2.866112e+01 2.868245e+01 2.871425e+01 1.851077e+00 1.918729e+00 
1.996649e+00 2.084166e+00 2.180570e+00 2.285036e+00 2.396550e+00 2.513839e+00 2.635293e+00 2.758861e+00 2.881952e+00 3.001171e+00 
3.111952e+00 3.207795e+00 1.774662e+00 1.844214e+00 1.924353e+00 2.014500e+00 2.114044e+00 2.222273e+00 2.338308e+00 2.461037e+00 
2.589059e+00 2.720693e+00 2.853902e+00 2.986454e+00 3.116174e+00 3.242021e+00 1.781027e+00 1.851428e+00 1.932718e+00 2.024391e+00 
2.125922e+00 2.236693e+00 2.355931e+00 2.482664e+00 2.615694e+00 2.753611e+00 2.894855e+00 3.037954e+00 3.181924e+00 3.327241e+00 
1.866757e+00 1.936967e+00 2.018342e+00 2.110427e+00 2.212753e+00 2.324763e+00 2.445754e+00 2.574857e+00 2.710965e+00 2.852850e+00 
2.999158e+00 3.148684e+00 3.300665e+00 3.455376e+00 2.030492e+00 2.099523e+00 2.179959e+00 2.271368e+00 2.373306e+00 2.485245e+00 
2.606505e+00 2.736243e+00 2.873380e+00 3.016711e+00 3.164860e+00 3.316533e+00 3.470657e+00 3.626742e+00 2.273097e+00 2.340040e+00 
2.418585e+00 2.508298e+00 2.608728e+00 2.719341e+00 2.839423e+00 2.968123e+00 3.104292e+00 3.246635e+00 3.393601e+00 3.543585e+00 
3.694962e+00 3.846296e+00 2.597700e+00 2.661750e+00 2.737554e+00 2.824651e+00 2.922550e+00 3.030687e+00 3.148279e+00 3.274417e+00 
3.407824e+00 3.547046e+00 3.690264e+00 3.835457e+00 3.980349e+00 4.122530e+00 3.009637e+00 3.070107e+00 3.142437e+00 3.226117e+00 
3.320591e+00 3.425258e+00 3.539222e+00 3.661500e+00 3.790659e+00 3.925056e+00 4.062574e+00 4.200749e+00 4.336641e+00 4.466880e+00 
3.516276e+00 3.572609e+00 3.640855e+00 3.720456e+00 3.810762e+00 3.911130e+00 4.020541e+00 4.137936e+00 4.261728e+00 4.390092e+00 
4.520639e+00 4.650509e+00 4.776189e+00 4.893436e+00 4.126753e+00 4.178525e+00 4.242211e+00 4.317211e+00 4.402752e+00 4.498177e+00 
4.602337e+00 4.714119e+00 4.831812e+00 4.953449e+00 5.076442e+00 5.197646e+00 5.313174e+00 5.418334e+00 4.851620e+00 4.898544e+00 
4.957318e+00 5.027329e+00 5.107662e+00 5.197678e+00 5.296114e+00 5.401837e+00 5.513069e+00 5.627771e+00 5.743267e+00 5.856261e+00 
5.962647e+00 6.057414e+00 5.702405e+00 5.744327e+00 5.797956e+00 5.862720e+00 5.937543e+00 6.021846e+00 6.114287e+00 6.213756e+00 
6.318487e+00 6.426470e+00 6.535095e+00 6.641148e+00 6.740664e+00 6.828785e+00 8.304958e+00 7.965461e+00 7.678691e+00 7.438917e+00 
7.240686e+00 7.078955e+00 6.949180e+00 6.847372e+00 6.770098e+00 6.714460e+00 6.678070e+00 6.659000e+00 6.655633e+00 6.666689e+00 
9.459408e+00 9.127788e+00 8.846227e+00 8.609406e+00 8.412262e+00 8.250119e+00 8.118752e+00 8.014460e+00 7.934049e+00 7.874808e+00 
7.834469e+00 7.811213e+00 7.803469e+00 7.809960e+00 1.075272e+01 1.043236e+01 1.015901e+01 9.927787e+00 9.734058e+00 9.573540e+00 
9.442355e+00 9.337106e+00 9.254864e+00 9.193130e+00 9.149754e+00 9.123044e+00 9.111505e+00 9.113879e+00 1.219027e+01 1.188500e+01 
1.162331e+01 1.140078e+01 1.121321e+01 1.105675e+01 1.092789e+01 1.082355e+01 1.074108e+01 1.067823e+01 1.063297e+01 1.060374e+01 
1.058915e+01 1.058802e+01 1.377567e+01 1.348975e+01 1.324356e+01 1.303320e+01 1.285491e+01 1.270529e+01 1.258123e+01 1.247998e+01 
1.239916e+01 1.233681e+01 1.229105e+01 1.226042e+01 1.224363e+01 1.223977e+01 1.551027e+01 1.524825e+01 1.502175e+01 1.482735e+01 
1.466176e+01 1.452206e+01 1.440555e+01 1.430983e+01 1.423276e+01 1.417272e+01 1.412802e+01 1.409729e+01 1.407926e+01 1.407357e+01 
1.739273e+01 1.715937e+01 1.695692e+01 1.678248e+01 1.663325e+01 1.650673e+01 1.640070e+01 1.631314e+01 1.624209e+01 1.618630e+01 
1.614432e+01 1.611495e+01 1.609665e+01 1.609013e+01 1.941856e+01 1.921866e+01 1.904467e+01 1.889425e+01 1.876509e+01 1.865512e+01 
1.856256e+01 1.848586e+01 1.842321e+01 1.837366e+01 1.833607e+01 1.830965e+01 1.829203e+01 1.828571e+01 2.157981e+01 2.141800e+01 
2.127675e+01 2.115430e+01 2.104886e+01 2.095874e+01 2.088255e+01 2.081935e+01 2.076746e+01 2.072613e+01 2.069445e+01 2.067265e+01 
2.065657e+01 2.065144e+01 2.386479e+01 2.374531e+01 2.364074e+01 2.354987e+01 2.347150e+01 2.340434e+01 2.334720e+01 2.329990e+01 
2.326098e+01 2.322981e+01 2.320524e+01 2.318973e+01 2.317595e+01 2.317285e+01 2.625787e+01 2.618437e+01 2.611985e+01 2.606366e+01 
2.601519e+01 2.597371e+01 2.593795e+01 2.590852e+01 2.588440e+01 2.586526e+01 2.584852e+01 2.584087e+01 2.583001e+01 2.582952e+01 
2.873960e+01 2.871480e+01 2.869295e+01 2.867377e+01 2.865727e+01 2.864359e+01 2.863106e+01 2.862092e+01 2.861275e+01 2.860749e+01 
2.859869e+01 2.860015e+01 2.859271e+01 2.859508e+01 2.758869e+00 2.514646e+00 2.307381e+00 2.134696e+00 1.994771e+00 1.885278e+00 
1.803511e+00 1.746650e+00 1.711964e+00 1.696947e+00 1.699394e+00 1.717433e+00 1.749518e+00 1.794400e+00 2.746484e+00 2.470969e+00 
2.244898e+00 2.061317e+00 1.915272e+00 1.802571e+00 1.719398e+00 1.662251e+00 1.627964e+00 1.613759e+00 1.617267e+00 1.636526e+00 
1.669958e+00 1.716324e+00 2.816725e+00 2.519048e+00 2.277138e+00 2.082934e+00 1.930018e+00 1.813000e+00 1.727204e+00 1.668534e+00 
1.633427e+00 1.618844e+00 1.622255e+00 1.641611e+00 1.675299e+00 1.722082e+00 2.964942e+00 2.651582e+00 2.397205e+00 2.193669e+00 
2.033988e+00 1.912131e+00 1.822865e+00 1.761662e+00 1.724654e+00 1.708592e+00 1.710810e+00 1.729186e+00 1.762074e+00 1.808235e+00 
3.190758e+00 2.866111e+00 2.602024e+00 2.390535e+00 2.224495e+00 2.097575e+00 2.004233e+00 1.939675e+00 1.899826e+00 1.881290e+00 
1.881309e+00 1.897703e+00 1.928804e+00 1.973368e+00 3.496126e+00 3.163217e+00 2.891490e+00 2.673206e+00 2.501236e+00 2.369155e+00 
2.271284e+00 2.202693e+00 2.159195e+00 2.137314e+00 2.134236e+00 2.147751e+00 2.176174e+00 2.218258e+00 3.884659e+00 3.545672e+00 
3.267856e+00 3.043699e+00 2.866178e+00 2.728894e+00 2.626148e+00 2.552977e+00 2.505161e+00 2.479197e+00 2.472256e+00 2.482119e+00 
2.507094e+00 2.545926e+00 4.361318e+00 4.017972e+00 3.735311e+00 3.506054e+00 3.323341e+00 3.180877e+00 3.073027e+00 2.994871e+00 
2.942217e+00 2.911588e+00 2.900169e+00 2.905751e+00 2.926643e+00 2.961584e+00 4.932187e+00 4.586013e+00 4.299638e+00 4.066035e+00 
3.878546e+00 3.731037e+00 3.618004e+00 3.534628e+00 3.476796e+00 3.441094e+00 3.424753e+00 3.425587e+00 3.441914e+00 3.472465e+00 
5.604243e+00 5.256793e+00 4.967899e+00 4.730808e+00 4.539105e+00 4.386868e+00 4.268772e+00 4.180150e+00 4.117010e+00 4.076032e+00 
4.054516e+00 4.050314e+00 4.061756e+00 4.087568e+00 6.385097e+00 6.038113e+00 5.748093e+00 5.508590e+00 5.313472e+00 5.157073e+00 
5.034290e+00 4.940648e+00 4.872313e+00 4.826083e+00 4.799347e+00 4.790014e+00 4.796424e+00 4.817301e+00 7.282693e+00 6.938227e+00 
6.648784e+00 6.408259e+00 6.210841e+00 6.051156e+00 5.924365e+00 5.826222e+00 5.753075e+00 5.701869e+00 5.670096e+00 5.655737e+00 
5.657149e+00 5.673054e+00 )
)