1.0,0.0,0.0,0.0
0.999970015422,0.0,-0.00774391738563,0.0
0.999888351609,1.12004108272e-20,-0.0149427011397,2.21147323458e-20
0.999640756063,-1.80015418666e-20,-0.0268022166752,-1.32890735233e-19
0.999373213099,-1.12962389141e-19,-0.0354002957544,-2.87285084204e-19
0.999060053499,-4.94930962978e-20,-0.0433475432184,-2.67335178241e-19
0.998687164022,-8.82255156516e-20,-0.0512244904122,-3.33285481434e-19
0.998256116074,-1.15873520147e-19,-0.0590315739358,-3.9945511144e-19
0.997768776684,-2.22585981016e-19,-0.0667642739456,-7.28395937776e-19
0.997227153674,-3.08112559931e-19,-0.0744177665244,-8.81090457982e-19
0.996633405772,-3.05689278032e-19,-0.0819869166347,-1.03862489312e-18
0.995989856859,-4.81893683577e-19,-0.0894662228611,-1.45088322166e-18
0.995299013417,-6.97820869362e-19,-0.0968497490531,-1.94873805379e-18
0.994563585962,-7.14979489758e-19,-0.104131039939,-2.19592733307e-18
0.993786515563,-6.6913846312e-19,-0.111303016518,-2.18140791141e-18
0.992971006804,-5.45302324391e-19,-0.118357845731,-1.99557992259e-18
0.992251000917,-2.48229096676e-19,-0.124249552031,-1.4706414446e-18
0.99171975326,2.84273949376e-19,-0.128420913381,-5.25890215486e-19
0.991458003059,4.02922498386e-19,-0.13042633235,-4.27378505688e-19
0.991528785453,3.72925688163e-21,-0.12988713415,-1.02685417677e-18
0.991965778879,-4.41757064377e-20,-0.126506496012,-9.76047062276e-19
0.99266114864,1.71340865187e-19,-0.120929086578,-7.35412826753e-19
0.993090807168,1.17807544981e-19,-0.117348407392,-7.86837801071e-19
0.993514463405,1.02954285221e-19,-0.113705809022,-7.93495203795e-19
0.993934538614,1.20352023359e-19,-0.109973328362,-7.62346078218e-19
0.994351393642,1.24483512201e-19,-0.106138145656,-7.49461196453e-19
0.994765326173,1.22459740025e-19,-0.102185839744,-7.40980176019e-19
0.995176561388,1.20239042242e-19,-0.0981000084834,-7.33562580487e-19
0.995585216232,1.24128599954e-19,-0.0938620115929,-7.19495149298e-19
0.995991249496,1.21229630233e-19,-0.0894507178728,-7.16972491768e-19
0.996394393436,1.18424599993e-19,-0.0848422815,-7.11780553731e-19
0.99679406189,1.10460200899e-19,-0.080009988006,-6.99772480682e-19
0.997189229695,1.02124735198e-19,-0.0749242295973,-6.90386806568e-19
0.997578279203,9.93532517408e-20,-0.0695526912667,-6.78429391037e-19
0.99795881275,9.63177598264e-20,-0.0638608491524,-6.66795725814e-19
0.998327436034,9.31205843239e-20,-0.0578128918227,-6.53664936112e-19
0.998679527419,8.93779622293e-20,-0.0513731594671,-6.45215518105e-19
0.999009021773,9.10152602953e-20,-0.0445081387691,-6.34958410713e-19
0.999308252051,1.03570740817e-19,-0.0371889416654,-6.21221305716e-19
0.999567901765,1.54934748178e-19,-0.0293940429595,-5.96939884933e-19
0.999777119092,3.72878893876e-19,-0.0211118957015,-5.47376654509e-19
0.99992382284,1.30698923367e-18,-0.0123429541354,-4.17985744666e-19
0.999995192881,5.48662992031e-18,-0.00310067983718,-9.80771832213e-20
0.999978294315,2.46022209791e-17,0.00658869474074,3.81544637983e-19
0.999860752626,1.12073156263e-16,0.0166875809371,-1.42522851815e-18
0.999631389927,5.04559810807e-16,0.0271492959894,-2.54450788187e-17
0.999280751565,2.20484432069e-15,0.0379207008273,-1.88569258948e-16
0.998801487161,9.24771605715e-15,0.0489447570726,-1.06432362087e-15
0.998188585655,3.70338015755e-14,0.0601626750375,-5.12193834582e-15
0.997439489216,1.41612854279e-13,0.0715154902969,-2.19355093923e-14
0.996554122485,5.19491951498e-13,0.082945047827,-8.5619089011e-14
0.995534874097,1.84364567463e-12,0.0943944620038,-3.09929001397e-13
0.994645489829,6.3949474072e-12,0.103345776708,-1.07451975986e-12
0.993784614226,2.18361822838e-11,0.111319991588,-3.66518795592e-12
0.993193524293,7.37102046316e-11,0.116475848577,-1.26477080408e-11
0.99304994345,2.46168296821e-10,0.117693711872,-4.37065618114e-11
0.992871498104,8.15325678284e-10,0.119189715383,-1.45607129394e-10
0.992692467477,2.69801973e-09,0.120671724168,-4.76453106505e-10
0.99251591187,8.97654323785e-09,0.122115374481,-1.54258916595e-09
0.992344747307,3.02098631795e-08,0.12349859308,-4.96755120371e-09
0.992182005192,1.03424510174e-07,0.124799313193,-1.59689635923e-08
0.99203082961,3.6203236799e-07,0.125995369369,-5.13278657471e-08
0.992009276089,1.3013222875e-06,0.126164956119,-1.65350637091e-07
0.992337507538,4.81474522286e-06,0.12355675259,-5.39864554524e-07
0.992969791148,1.83218134342e-05,0.118368042681,-1.81720780263e-06
0.993789568734,7.15004739352e-05,0.11127572926,-6.37044530795e-06
0.994663112577,0.000285107984074,0.103175630104,-2.33525557369e-05
0.995481447777,0.00115751622651,0.0949491407924,-8.91675867629e-05
0.996170928206,0.00477061765119,0.0872960473744,-0.000350879994692
0.996719727994,0.00640089849131,0.080656859895,-0.00181198165253
0.997147148701,0.00640822440928,0.0751889839277,-0.00176499080662
0.997465901596,0.00640693113152,0.0708367034831,-0.00169936039468
0.997704962018,0.00640839225358,0.0673879883444,-0.00161254488233
0.997891754806,0.00641235731299,0.0645650870546,-0.0015089392393
0.998048604644,0.00641838047818,0.0620955312356,-0.00139002180401
0.998191230303,0.00642625155048,0.0597610873926,-0.00125836059767
0.998328653619,0.00643595167513,0.0574215158975,-0.00111687125897
0.998464186654,0.00644757199257,0.0550159907274,-0.000968271430009
0.998597133768,0.006461224181,0.0525485795519,-0.000814738598496
0.998724719773,0.00647697106122,0.0500654599672,-0.000657783478996
0.998843763738,0.00649479165756,0.0476309249667,-0.000498307374537
0.998951795822,0.00651457970469,0.0453073554056,-0.00033678155806
0.999047556605,0.00653616452688,0.0431419529146,-0.000173475734108
0.999131004749,0.00655934049489,0.0411607862803,-8.6709412608e-06
