0.0,0.0,0.0
1.66846914061e-06,2.06680243527e-23,-7.1054273576e-19
2.36117113774e-05,2.47970285996e-22,-1.59872115546e-18
9.75811415828e-05,9.29759407061e-22,-8.881784197e-19
0.000259777125753,2.26269794717e-21,1.7763568394e-18
0.00054952063523,4.30088743381e-21,7.1054273576e-18
0.00100817221889,7.00950879665e-21,1.45661260831e-17
0.00167824595135,1.02875425973e-20,2.29150032283e-17
0.00260267589804,1.40312921638e-20,3.19744231092e-17
0.00382420080832,1.81449660099e-20,4.33431068814e-17
0.00538483943941,2.25500045955e-20,5.73763259126e-17
0.00732582918296,2.71942287626e-20,7.21200876797e-17
0.00968769601396,3.19577801692e-20,8.82849349182e-17
0.012508767643,3.66711510335e-20,1.03561603737e-16
0.015825063784,4.11446022034e-20,1.17772458452e-16
0.0196712876507,4.52922953808e-20,1.30562227696e-16
0.024082542709,4.90913797878e-20,1.42108547152e-16
0.0290940544939,5.2580552907e-20,1.51878509769e-16
0.0347409291264,5.58488634262e-20,1.6004975123e-16
0.0410579388579,5.89832708388e-20,1.6679990722e-16
0.048079326453,6.20165526353e-20,1.72306613422e-16
0.0558386213116,6.49168665214e-20,1.76392234152e-16
0.0643684609736,6.76506665919e-20,1.80300219199e-16
0.0737004120862,7.02457690677e-20,1.83852932878e-16
0.0838647850555,7.27388683462e-20,1.86872739505e-16
0.0948904364619,7.51651787659e-20,1.90425453184e-16
0.106804552872,7.75585354713e-20,1.94155802546e-16
0.11963240891,7.99195265452e-20,1.98951966013e-16
0.133397091305,8.22362895157e-20,2.02682315376e-16
0.148119179109,8.4526375507e-20,2.05346850635e-16
0.163816368308,8.68148459968e-20,2.07300843158e-16
0.180503026708,8.91228348463e-20,2.09787742733e-16
0.19818966253,9.14664650831e-20,2.11031192521e-16
0.216882287998,9.38873736376e-20,2.12274642308e-16
0.23658165877,9.64400717171e-20,2.15294448935e-16
0.257282373388,9.92000032105e-20,2.19912976718e-16
0.278971827913,1.02260131688e-19,2.24709140184e-16
0.301629044038,1.05715997468e-19,2.30748753438e-16
0.325223427675,1.09681735668e-19,2.38209452164e-16
0.349713565054,1.14315763121e-19,2.47268872045e-16
0.375046207669,1.19782487482e-19,2.59170462868e-16
0.401155607471,1.26204279911e-19,2.73736588952e-16
0.427963319044,1.33688960868e-19,2.92033064397e-16
0.455378495647,1.42274943861e-19,3.11928260999e-16
0.483298609929,1.51931146787e-19,3.32889271704e-16
0.511610466903,1.62548633159e-19,3.57580631771e-16
0.540191360789,1.73974496033e-19,3.8458125573e-16
0.568910247701,1.86015054979e-19,4.13358236528e-16
0.597628843414,1.98439262353e-19,4.42312853011e-16
0.62620259368,2.10982201678e-19,4.71089833809e-16
0.654481521529,2.23348515613e-19,4.99866814607e-16
0.682327116644,2.35380011253e-19,5.29176702457e-16
0.70962419437,2.47064759132e-19,5.59552404411e-16
0.736275984383,2.58461339389e-19,5.88684656577e-16
0.762200850353,2.6967850671e-19,6.16218187588e-16
0.787330026227,2.80795366224e-19,6.42330633127e-16
0.811606010273,2.91813416107e-19,6.70041799822e-16
0.834981395515,3.02702938151e-19,6.99529323356e-16
0.857417993434,3.13469941139e-19,7.27773397102e-16
0.878886154394,3.24108106613e-19,7.53175299906e-16
0.899364217197,3.34595234535e-19,7.76623210186e-16
0.91883581697,3.44937033502e-19,7.97939492259e-16
0.937292182014,3.55161979919e-19,8.16235967704e-16
0.954731619925,3.65243986872e-19,8.31335000839e-16
0.971157042873,3.75083888915e-19,8.43414227347e-16
0.9865715627,3.84550672044e-19,8.54072368384e-16
1.00097874013,3.93524774305e-19,8.62065974161e-16
1.01438281976,4.01930563779e-19,8.68993765835e-16
1.02678895566,4.09694003e-19,8.73789929301e-16
1.03820343144,4.16742963517e-19,8.77165007296e-16
1.04863387829,4.23007504659e-19,8.78941364135e-16
1.05808949346,4.28420135025e-19,8.78586092767e-16
1.06658126152,4.3292670671e-19,8.76276828876e-16
1.07412217957,4.36507879574e-19,8.73257022249e-16
1.0807274874,4.39179142144e-19,8.70059579938e-16
1.08641490233,4.40969493845e-19,8.67217408995e-16
1.09120485778,4.41910706123e-19,8.65085780788e-16
1.09512074338,4.42037199214e-19,8.61355431425e-16
1.098189143,4.41385863297e-19,8.57625082062e-16
1.10044006596,4.39995821227e-19,8.54250004068e-16
1.10190716481,4.37908122582e-19,8.50342019021e-16
1.10262793205,4.35165373434e-19,8.46789305342e-16
1.10264386673,4.31821714788e-19,8.43058955979e-16
1.10200060165,4.27963144627e-19,8.40039149352e-16
1.10074798165,4.23675483065e-19,8.38440428197e-16
1.09894008458,4.19044137986e-19,8.37374614093e-16
1.09663517838,4.14153727289e-19,8.35953528622e-16
1.0938956098,4.09087547183e-19,8.3542062157e-16
1.09078762323,4.03916889384e-19,8.37374614093e-16
1.08738111079,3.98680126006e-19,8.4217077756e-16
1.08374929665,3.93414007886e-19,8.4803275513e-16
1.07996836061,3.88153984667e-19,8.54072368384e-16
1.07611559293,3.82923598977e-19,8.59223803218e-16
1.07225411234,3.7767673833e-19,8.6561868784e-16
1.06842885816,3.72317386671e-19,8.73967564985e-16
1.06467162734,3.66733433551e-19,8.84803341705e-16
1.06100465729,3.6081914548e-19,8.95639118426e-16
1.05744319467,3.54507383063e-19,9.04520902623e-16
1.05399735014,3.47791098643e-19,9.13580322504e-16
1.05067344687,3.40672217298e-19,9.23172649436e-16
1.04747500712,3.33151700807e-19,9.34186061841e-16
1.04440347892,3.25229837287e-19,9.46442924032e-16
1.04145877443,3.16906456105e-19,9.59587964644e-16
1.03863967144,3.08181079954e-19,9.7202246252e-16
1.03594411442,2.99053033727e-19,9.85522774499e-16
1.03336944169,2.89521516014e-19,9.99911264898e-16
1.03091255762,2.7958562754e-19,1.0142997553e-15
1.02857006383,2.69275470366e-19,1.02726716023e-15
1.02633835958,2.58631505292e-19,1.03810293695e-15
1.02421371874,2.47694233175e-19,1.04751762819e-15
1.02219234903,2.36504223237e-19,1.05568886966e-15
1.0202704375,2.25102088208e-19,1.06314956838e-15
1.01844418552,2.13528482018e-19,1.07149844553e-15
1.01670983554,2.01824107057e-19,1.08126840814e-15
1.01506369146,1.90029746419e-19,1.0938805417e-15
1.01350213389,1.78186241185e-19,1.10880193915e-15
1.01202163158,1.66334436365e-19,1.12549969344e-15
1.0106187496,1.54515194721e-19,1.14184217637e-15
1.00929015502,1.42769414261e-19,1.15836229497e-15
1.00803262075,1.31138010202e-19,1.17630349905e-15
1.00684302761,1.19661941268e-19,1.19371179608e-15
1.00571836536,1.08382209155e-19,1.2111200931e-15
1.00465573257,9.73398773873e-20,1.22799548308e-15
1.00365233584,8.65760472341e-20,1.244337966e-15
1.00270548834,7.61318561101e-20,1.26085808461e-15
1.00181260789,6.6038115569e-20,1.27613475343e-15
1.00097121471,5.62946579368e-20,1.2885692513e-15
1.00017892888,4.69013360769e-20,1.29709576413e-15
0.999433467568,3.78580209888e-20,1.3029577417e-15
0.998732642201,2.91645995233e-20,1.30775390517e-15
0.998074355462,2.08209722644e-20,1.31272770432e-15
0.997456598283,1.28270515388e-20,1.3173462321e-15
0.996877446804,5.18275886124e-21,1.32001076736e-15
0.996335059342,-2.1119766742e-21,1.32036603873e-15
0.995827673378,-9.05721978517e-21,1.31823441052e-15
0.99535360259,-1.56530305074e-20,1.3139711541e-15
0.994911233939,-2.18994655423e-20,1.30775390517e-15
0.994499024819,-2.77965788302e-20,1.2985168496e-15
0.99411550027,-3.33444223999e-20,1.28572708036e-15
0.993759250279,-3.85430471355e-20,1.27187149701e-15
0.993428927148,-4.33925028982e-20,1.25748300661e-15
0.993123242953,-4.78928385999e-20,1.24398269463e-15
0.992840967082,-5.2044102272e-20,1.23261401086e-15
0.992580923856,-5.58463411308e-20,1.22302168393e-15
0.992341990237,-5.929960183e-20,1.2144951711e-15
0.992123093618,-6.24039311252e-20,1.2045475728e-15
0.991923209693,-6.51593760393e-20,1.19335652471e-15
0.99174136041,-6.75659838289e-20,1.18145493389e-15
0.991576612003,-6.96238019534e-20,1.16848752896e-15
0.991428073096,-7.13328780465e-20,1.1558753954e-15
0.99129489289,-7.26932598894e-20,1.14379616889e-15
0.991176259417,-7.37049953869e-20,1.13082876396e-15
0.991071397866,-7.43681325438e-20,1.11661790925e-15
0.990979568976,-7.46827195705e-20,1.10311759727e-15
0.990900067495,-7.46488052616e-20,1.09015019234e-15
0.990832220709,-7.42664390501e-20,1.07718278741e-15
0.99077538702,-7.35356709341e-20,1.06421538248e-15
0.990728954593,-7.24565514094e-20,1.05107034187e-15
0.990692340056,-7.10291314054e-20,1.03934638673e-15
0.990664987256,-6.92534622266e-20,1.03028696685e-15
0.990646366064,-6.71295954978e-20,1.02353681086e-15
0.990635971237,-6.46575831136e-20,1.0198064615e-15
0.99063332132,-6.18374771915e-20,1.01785246898e-15
0.990637957602,-5.86693300288e-20,1.0187406474e-15
0.990649443113,-5.51531940627e-20,1.02176045402e-15
0.990667361664,-5.1289121833e-20,1.02602371044e-15
0.990691316927,-4.70771659487e-20,1.03277386643e-15
0.990720931558,-4.25173790561e-20,1.04236619336e-15
0.990755846353,-3.76098138108e-20,1.05639941239e-15
0.990795719447,-3.23545228511e-20,1.07522879489e-15
0.990840225535,-2.6751558774e-20,1.09778852675e-15
0.990889055141,-2.08009741138e-20,1.1237233366e-15
0.990941913913,-1.45028213217e-20,1.15178977467e-15
0.990998521939,-7.85715274833e-21,1.1812772982e-15
0.99105861311,-8.64020627275e-22,1.21271881426e-15
0.991121934498,6.47652293948e-21,1.24682486558e-15
0.991188245761,1.41644259947e-20,1.28324018078e-15
0.991257318583,2.21996367377e-20,1.32125421715e-15
0.991328936127,3.05821035347e-20,1.36086697466e-15
0.991402892522,3.93117749281e-20,1.40119027492e-15
0.991478992361,4.83885996443e-20,1.44098066812e-15
0.991557050234,5.78125266011e-20,1.47952761154e-15
0.99163689027,6.75835049137e-20,1.51594292674e-15
0.991718345702,7.77014838991e-20,1.55200297058e-15
0.991801258457,8.81664130811e-20,1.58664192895e-15
0.991885478756,9.89782421933e-20,1.61861635206e-15
0.991970864735,1.10136921182e-19,1.64881441833e-15
0.992057282081,1.21642400207e-19,1.67705849208e-15
0.992144603688,1.33494629647e-19,1.70263803057e-15
0.99223270932,1.45693560096e-19,1.72573066948e-15
0.9923214853,1.58239142364e-19,1.74811276565e-15
0.9924108242,1.71131327481e-19,1.76907377636e-15
0.992500624556,1.84370066692e-19,1.78985715138e-15
0.992590790588,1.9795531146e-19,1.8106405264e-15
0.992681231934,2.1187668056e-19,1.83124626574e-15
0.992771863398,2.26061795578e-19,1.85149673371e-15
0.992862604708,2.40427945403e-19,1.87228010873e-15
0.992953380282,2.54892419136e-19,1.89288584806e-15
0.993044119008,2.69372506086e-19,1.91153759488e-15
0.993134754032,2.83785495766e-19,1.92752480643e-15
