nodenumber,    x-coordinate,    y-coordinate,    z-coordinate,      z-velocity,      z-velocity,velocity-magnitude
         1,-3.235238182E-05, 1.207407258E-04, 0.000000000E+00, 7.531555176E+01, 7.531555176E+01, 7.531555176E+01
         2, 0.000000000E+00, 1.250000059E-04, 0.000000000E+00, 7.245706940E+01, 7.245706940E+01, 7.245706940E+01
         3,-3.719718734E-05, 8.969858027E-05, 0.000000000E+00, 8.841959381E+01, 8.841959381E+01, 8.841959381E+01
         4,-5.421010943E-21, 7.500000356E-05, 0.000000000E+00, 8.824823761E+01, 8.824823761E+01, 8.824823761E+01
         5,-3.235238182E-05,-1.207407258E-04, 0.000000000E+00, 7.486313629E+01, 7.486313629E+01, 7.486313629E+01
         6,-3.125000148E-05,-9.162658534E-05, 0.000000000E+00, 8.779578400E+01, 8.779578400E+01, 8.779578400E+01
         7,-2.710505431E-20,-1.250000059E-04, 0.000000000E+00, 7.178276825E+01, 7.178276825E+01, 7.178276825E+01
         8,-2.168404377E-20,-7.500000356E-05, 0.000000000E+00, 8.868923187E+01, 8.868923187E+01, 8.868923187E+01
         9,-6.250000297E-05, 1.082531744E-04, 0.000000000E+00, 8.979179382E+01, 8.979179382E+01, 8.979179382E+01
        10,-8.838834765E-05, 8.838834765E-05, 0.000000000E+00, 9.989269257E+01, 9.989269257E+01, 9.989269257E+01
        11,-6.793670764E-05, 7.281770377E-05, 0.000000000E+00, 1.028246384E+02, 1.028246384E+02, 1.028246384E+02
        12,-1.082531744E-04, 6.250000297E-05, 0.000000000E+00, 1.089815903E+02, 1.089815903E+02, 1.089815903E+02
        13,-1.207407258E-04, 3.235238182E-05, 0.000000000E+00, 1.151252594E+02, 1.151252594E+02, 1.151252594E+02
        14,-8.537658869E-05, 3.750000178E-05, 0.000000000E+00, 1.121698380E+02, 1.121698380E+02, 1.121698380E+02
        15,-1.020472118E-04, 1.251023878E-05, 0.000000000E+00, 1.165268936E+02, 1.165268936E+02, 1.165268936E+02
        16,-1.250000059E-04, 1.355252716E-20, 0.000000000E+00, 1.170228729E+02, 1.170228729E+02, 1.170228729E+02
        17,-9.185152885E-05,-1.256109863E-05, 0.000000000E+00, 1.154733047E+02, 1.154733047E+02, 1.154733047E+02
        18,-1.207407258E-04,-3.235238182E-05, 0.000000000E+00, 1.149520493E+02, 1.149520493E+02, 1.149520493E+02
        19,-1.082531744E-04,-6.250000297E-05, 0.000000000E+00, 1.094242020E+02, 1.094242020E+02, 1.094242020E+02
        20,-8.717737364E-05,-4.466704559E-05, 0.000000000E+00, 1.107281189E+02, 1.107281189E+02, 1.107281189E+02
        21,-8.838834765E-05,-8.838834765E-05, 0.000000000E+00, 1.015859375E+02, 1.015859375E+02, 1.015859375E+02
        22,-6.042934911E-05,-7.541518426E-05, 0.000000000E+00, 1.009507370E+02, 1.009507370E+02, 1.009507370E+02
        23,-6.250000297E-05,-1.082531744E-04, 0.000000000E+00, 8.915937805E+01, 8.915937805E+01, 8.915937805E+01
        24,-1.084202189E-20, 2.499999937E-05, 0.000000000E+00, 9.650051117E+01, 9.650051117E+01, 9.650051117E+01
        25,-4.264027302E-05, 5.068501559E-05, 0.000000000E+00, 1.015370636E+02, 1.015370636E+02, 1.015370636E+02
        26,-1.626303323E-20,-2.499999937E-05, 0.000000000E+00, 9.736812592E+01, 9.736812592E+01, 9.736812592E+01
        27,-3.151341662E-05,-1.327162522E-06, 0.000000000E+00, 1.028767853E+02, 1.028767853E+02, 1.028767853E+02
        28,-5.020662866E-05,-4.159607124E-05, 0.000000000E+00, 1.038246994E+02, 1.038246994E+02, 1.038246994E+02
        29,-6.474932161E-05, 1.049249931E-05, 0.000000000E+00, 1.118373947E+02, 1.118373947E+02, 1.118373947E+02
        30,-5.952838183E-05, 2.221629402E-04, 0.000000000E+00, 2.075409698E+01, 2.075409698E+01, 2.148893738E+01
        31,-6.470476364E-05, 2.414814517E-04, 0.000000000E+00, 0.000000000E+00, 0.000000000E+00, 0.000000000E+00
        32, 0.000000000E+00, 2.500000119E-04, 0.000000000E+00, 0.000000000E+00, 0.000000000E+00, 0.000000000E+00
        33, 0.000000000E+00, 2.300000051E-04, 0.000000000E+00, 8.047092438E+00, 8.047092438E+00, 9.516771317E+00
        34,-4.270514182E-05, 1.593777561E-04, 0.000000000E+00, 5.929444504E+01, 5.929444504E+01, 5.929444504E+01
        35, 0.000000000E+00, 1.650000049E-04, 0.000000000E+00, 5.010946655E+01, 5.010946655E+01, 5.010946655E+01
        36,-3.388131789E-20,-1.650000049E-04, 0.000000000E+00, 5.010946655E+01, 5.010946655E+01, 5.010946655E+01
        37,-4.270514182E-05,-1.593777561E-04, 0.000000000E+00, 5.929444885E+01, 5.929444885E+01, 5.929444885E+01
        38,-6.776263578E-20,-2.300000051E-04, 0.000000000E+00, 8.047092438E+00, 8.047092438E+00, 9.516771317E+00
        39,-5.421010862E-20,-2.500000119E-04, 0.000000000E+00, 0.000000000E+00, 0.000000000E+00, 0.000000000E+00
        40,-6.470476364E-05,-2.414814517E-04, 0.000000000E+00, 0.000000000E+00, 0.000000000E+00, 0.000000000E+00
        41,-5.952838183E-05,-2.221629402E-04, 0.000000000E+00, 2.075409698E+01, 2.075409698E+01, 2.148893738E+01
        42,-5.212514952E-05, 1.945336990E-04, 0.000000000E+00, 3.972490692E+01, 3.972490692E+01, 3.972490692E+01
        43, 0.000000000E+00, 2.013961057E-04, 0.000000000E+00, 2.858730698E+01, 2.858730698E+01, 2.858730698E+01
        44,-8.250000246E-05, 1.428941905E-04, 0.000000000E+00, 7.671446228E+01, 7.671446228E+01, 7.671446228E+01
        45,-1.166726215E-04, 1.166726215E-04, 0.000000000E+00, 9.167336273E+01, 9.167336273E+01, 9.167336273E+01
        46,-1.428941905E-04, 8.250000246E-05, 0.000000000E+00, 1.031517334E+02, 1.031517334E+02, 1.031517334E+02
        47,-1.593777561E-04, 4.270514182E-05, 0.000000000E+00, 1.103673477E+02, 1.103673477E+02, 1.103673477E+02
        48,-1.650000049E-04, 6.776263578E-21, 0.000000000E+00, 1.128284531E+02, 1.128284531E+02, 1.128284531E+02
        49,-1.593777561E-04,-4.270514182E-05, 0.000000000E+00, 1.103673401E+02, 1.103673401E+02, 1.103673401E+02
        50,-1.428941905E-04,-8.250000246E-05, 0.000000000E+00, 1.031517334E+02, 1.031517334E+02, 1.031517334E+02
        51,-1.166726215E-04,-1.166726215E-04, 0.000000000E+00, 9.167336273E+01, 9.167336273E+01, 9.167336273E+01
        52,-8.250000246E-05,-1.428941905E-04, 0.000000000E+00, 7.671446228E+01, 7.671446228E+01, 7.671446228E+01
        53,-2.710505431E-20,-2.013961057E-04, 0.000000000E+00, 2.858730698E+01, 2.858730698E+01, 2.858730698E+01
        54,-5.212514952E-05,-1.945336990E-04, 0.000000000E+00, 3.972490692E+01, 3.972490692E+01, 3.972490692E+01
        55,-1.150000026E-04, 1.991858444E-04, 0.000000000E+00, 4.485389709E+01, 4.485389709E+01, 4.485389709E+01
        56,-1.250000059E-04, 2.165063488E-04, 0.000000000E+00, 0.000000000E+00, 0.000000000E+00, 0.000000000E+00
        57,-1.626345620E-04, 1.626345620E-04, 0.000000000E+00, 6.554887390E+01, 6.554887390E+01, 6.554887390E+01
        58,-1.767766953E-04, 1.767766953E-04, 0.000000000E+00, 0.000000000E+00, 0.000000000E+00, 0.000000000E+00
        59,-1.991858444E-04, 1.150000026E-04, 0.000000000E+00, 8.142867279E+01, 8.142867279E+01, 8.142867279E+01
        60,-2.165063488E-04, 1.250000059E-04, 0.000000000E+00, 0.000000000E+00, 0.000000000E+00, 0.000000000E+00
        61,-2.221629402E-04, 5.952838183E-05, 0.000000000E+00, 9.141114044E+01, 9.141114044E+01, 9.141114044E+01
        62,-2.414814517E-04, 6.470476364E-05, 0.000000000E+00, 0.000000000E+00, 0.000000000E+00, 0.000000000E+00
        63,-2.300000051E-04, 4.065758147E-20, 0.000000000E+00, 9.481597137E+01, 9.481597137E+01, 9.481597137E+01
        64,-2.500000119E-04, 2.710505431E-20, 0.000000000E+00, 0.000000000E+00, 0.000000000E+00, 0.000000000E+00
        65,-2.221629402E-04,-5.952838183E-05, 0.000000000E+00, 9.141114044E+01, 9.141114044E+01, 9.141114044E+01
        66,-2.414814517E-04,-6.470476364E-05, 0.000000000E+00, 0.000000000E+00, 0.000000000E+00, 0.000000000E+00
        67,-1.991858444E-04,-1.150000026E-04, 0.000000000E+00, 8.142867279E+01, 8.142867279E+01, 8.142867279E+01
        68,-2.165063488E-04,-1.250000059E-04, 0.000000000E+00, 0.000000000E+00, 0.000000000E+00, 0.000000000E+00
        69,-1.626345620E-04,-1.626345620E-04, 0.000000000E+00, 6.554887390E+01, 6.554887390E+01, 6.554887390E+01
        70,-1.767766953E-04,-1.767766953E-04, 0.000000000E+00, 0.000000000E+00, 0.000000000E+00, 0.000000000E+00
        71,-1.150000026E-04,-1.991858444E-04, 0.000000000E+00, 4.485390091E+01, 4.485390091E+01, 4.485390091E+01
        72,-1.250000059E-04,-2.165063488E-04, 0.000000000E+00, 0.000000000E+00, 0.000000000E+00, 0.000000000E+00
        73,-1.006980528E-04, 1.744141482E-04, 0.000000000E+00, 6.084820557E+01, 6.084820557E+01, 6.084820557E+01
        74,-1.424085494E-04, 1.424085494E-04, 0.000000000E+00, 7.898719788E+01, 7.898719788E+01, 7.898719788E+01
        75,-1.744141482E-04, 1.006980528E-04, 0.000000000E+00, 9.290573120E+01, 9.290573120E+01, 9.290573120E+01
        76,-1.945336990E-04, 5.212514952E-05, 0.000000000E+00, 1.016552963E+02, 1.016552963E+02, 1.016552963E+02
        77,-2.013961057E-04, 2.710505431E-20, 0.000000000E+00, 1.046396027E+02, 1.046396027E+02, 1.046396027E+02
        78,-1.945336990E-04,-5.212514952E-05, 0.000000000E+00, 1.016552887E+02, 1.016552887E+02, 1.016552887E+02
        79,-1.744141482E-04,-1.006980528E-04, 0.000000000E+00, 9.290573120E+01, 9.290573120E+01, 9.290573120E+01
        80,-1.424085494E-04,-1.424085494E-04, 0.000000000E+00, 7.898719788E+01, 7.898719788E+01, 7.898719788E+01
        81,-1.006980528E-04,-1.744141482E-04, 0.000000000E+00, 6.084820557E+01, 6.084820557E+01, 6.084820557E+01
